t 354330 5201569 994930 573496 3683948 200
t 344169 5106076 957091 559592 3530564 200
t 351155 5140523 968842 560831 3537495 200
t 345588 5102028 946724 555541 3514956 200
t 350799 5240055 966233 564085 3576891 200
t 333709 4999634 927202 551792 3481685 200
t 333028 5018260 936476 552248 3469087 200
t 333300 5004955 939715 553645 3466046 200
t 332885 5010454 938819 553319 3469993 200
t 333121 5003888 934142 552597 3497033 200
t 343642 5092462 942473 553115 3514444 200
t 334435 5118542 942216 554444 3456296 200
t 333527 5007214 934920 552259 3482097 200
t 335926 4974782 931911 551722 3470831 200
t 333907 4981844 934438 552578 3482419 200
t 334235 5002151 929947 551961 3481030 200
t 334302 4983661 943734 553761 3465412 200
t 334970 5029893 943915 551922 3500653 200
t 335644 5019212 939874 553101 3454547 200
t 334363 4993893 937335 552999 3473736 200
t 331964 4983771 930234 554085 3483141 200
t 335521 5034350 936309 553141 3456501 200
t 337120 5019616 939044 551743 3712247 200
t 334855 4996557 940996 551659 3478073 200
t 335864 4974174 942252 551924 3495133 200
t 333268 5067071 943077 553433 3477707 200
t 333396 5021211 936866 556339 3470471 200
t 334909 4965515 932365 551884 3491984 200
t 332745 4978767 944835 551490 3493051 200
t 335065 5194444 949868 552635 3488449 200
t 336223 5057626 947133 556472 3506991 200
t 335209 4986615 933152 552670 3511190 200
t 335464 4967421 939251 553880 3482236 200
t 333077 4941275 930408 551363 3469560 200
t 332969 5014108 930435 552473 3468937 200
t 338474 6469229 936045 551466 3472998 200
t 334611 5006785 945323 553651 3482589 200
t 335238 5030631 936492 556008 3485661 200
t 334177 4984941 936267 553012 3735355 200
t 334399 5122113 944068 554216 3485210 200
t 332018 4996273 933253 552277 3480017 200
t 340742 5056130 944538 552814 3520419 200
t 335094 5077945 938310 551751 3490743 200
t 333362 4997646 936576 554525 3457008 200
t 339578 5039024 940938 552560 3495937 200
t 334886 4965377 940277 552439 3512934 200
t 335633 5003778 939576 552574 3489943 200
t 332545 5017460 932374 553647 3475324 200
t 336278 5007478 940837 553587 3724346 200
t 333337 4931024 934985 551481 3490666 200
