0 0
1 0
2 0
3 0
4 0
5 0
6 0
7 0
8 29
1 620 1 626 1 628 1 674 1 678 1 682 1 683 1 722 1 724 1 725 1 727 1 764 1 765 1 774 1 786 1 787 1 788 1 789 1 794 1 803 1 804 1 811 1 817 1 818 1 823 1 824 1 825 1 827 1 830 
9 0
10 6
1 811 1 818 1 823 1 825 1 827 1 830 
11 0
12 0
13 0
14 0
15 0
16 0
17 0
18 0
19 0
20 5
1 489 1 507 1 561 1 584 1 622 
21 24
1 285 1 334 1 341 1 405 1 406 1 410 1 413 1 415 1 460 1 506 1 507 1 521 1 522 1 542 1 543 1 561 1 566 1 568 1 622 1 623 1 641 1 742 1 772 1 773 
22 0
23 18
1 740 1 761 1 762 1 763 1 771 1 776 1 777 1 778 1 779 1 780 1 781 1 801 1 802 1 810 1 812 1 814 1 815 1 816 
24 8
1 639 1 640 1 641 1 741 1 742 1 772 1 775 1 819 
25 43
1 630 1 631 1 632 1 633 1 634 1 635 1 636 1 637 1 680 1 681 1 684 1 685 1 686 1 687 1 688 1 689 1 690 1 691 1 692 1 693 1 694 1 695 1 707 1 714 1 715 1 720 1 729 1 730 1 731 1 732 1 733 1 734 1 735 1 736 1 737 1 738 1 739 1 744 1 750 1 752 1 758 1 768 1 807 
26 0
27 0
28 0
29 70
1 487 1 488 1 501 1 502 1 504 1 505 1 517 1 518 1 519 1 520 1 535 1 538 1 539 1 540 1 541 1 559 1 560 1 572 1 574 1 576 1 585 1 586 1 587 1 588 1 600 1 602 1 605 1 606 1 607 1 608 1 609 1 610 1 611 1 612 1 613 1 614 1 615 1 616 1 621 1 629 1 630 1 631 1 632 1 633 1 634 1 654 1 662 1 663 1 664 1 665 1 666 1 667 1 668 1 669 1 670 1 671 1 672 1 680 1 681 1 684 1 688 1 692 1 693 1 694 1 709 1 710 1 711 1 712 1 718 1 721 
30 6
1 402 1 457 1 458 1 506 1 522 1 544 
31 0
32 0
33 0
34 0
35 17
1 280 1 333 1 399 1 400 1 401 1 402 1 456 1 457 1 458 1 487 1 501 1 502 1 504 1 505 1 559 1 585 1 586 
36 54
1 456 1 457 1 488 1 519 1 520 1 521 1 522 1 539 1 540 1 541 1 542 1 543 1 544 1 560 1 562 1 563 1 564 1 565 1 566 1 567 1 568 1 585 1 586 1 587 1 588 1 589 1 590 1 591 1 592 1 593 1 594 1 595 1 596 1 597 1 632 1 633 1 634 1 635 1 636 1 637 1 684 1 685 1 686 1 687 1 688 1 689 1 690 1 691 1 692 1 693 1 694 1 695 1 730 1 731 
37 39
1 18 1 20 1 23 1 41 1 42 1 43 1 44 1 82 1 85 1 112 1 113 1 141 1 174 1 176 1 177 1 178 1 187 1 202 1 203 1 207 1 208 1 214 1 215 1 249 1 251 1 276 1 279 1 280 1 281 1 282 1 283 1 284 1 285 1 333 1 334 1 399 1 401 1 402 1 458 
38 84
1 173 1 197 1 199 1 200 1 201 1 213 1 246 1 247 1 248 1 250 1 274 1 275 1 277 1 320 1 324 1 325 1 326 1 327 1 329 1 330 1 331 1 332 1 351 1 364 1 365 1 366 1 380 1 383 1 384 1 387 1 388 1 389 1 390 1 391 1 392 1 393 1 394 1 395 1 396 1 397 1 398 1 429 1 430 1 431 1 433 1 442 1 443 1 444 1 445 1 446 1 447 1 448 1 449 1 450 1 451 1 452 1 453 1 454 1 455 1 471 1 472 1 473 1 476 1 479 1 480 1 481 1 482 1 483 1 484 1 485 1 486 1 492 1 493 1 494 1 495 1 496 1 497 1 498 1 499 1 500 1 511 1 515 1 516 1 529 
39 10
1 214 1 215 1 251 1 279 1 280 1 281 1 282 1 283 1 284 1 333 
40 92
1 29 1 30 1 31 1 32 1 33 1 34 1 47 1 48 1 49 1 50 1 51 1 52 1 53 1 54 1 55 1 57 1 59 1 60 1 61 1 62 1 63 1 64 1 65 1 66 1 67 1 68 1 69 1 70 1 71 1 72 1 73 1 74 1 75 1 79 1 80 1 94 1 95 1 96 1 97 1 98 1 99 1 100 1 101 1 102 1 103 1 104 1 105 1 106 1 107 1 108 1 109 1 110 1 111 1 113 1 117 1 118 1 119 1 121 1 122 1 123 1 124 1 125 1 126 1 127 1 128 1 129 1 130 1 131 1 132 1 133 1 134 1 135 1 136 1 137 1 154 1 169 1 170 1 172 1 173 1 175 1 176 1 200 1 201 1 209 1 214 1 250 1 275 1 279 1 282 1 321 1 332 1 366 
41 160
1 94 1 95 1 97 1 99 1 100 1 101 1 102 1 103 1 104 1 110 1 117 1 118 1 119 1 120 1 121 1 122 1 123 1 124 1 125 1 126 1 127 1 128 1 129 1 130 1 131 1 132 1 134 1 142 1 143 1 144 1 145 1 146 1 147 1 148 1 149 1 150 1 151 1 152 1 153 1 154 1 155 1 156 1 157 1 158 1 159 1 160 1 161 1 162 1 163 1 164 1 165 1 166 1 167 1 168 1 169 1 170 1 171 1 172 1 173 1 175 1 176 1 189 1 190 1 191 1 192 1 193 1 194 1 195 1 196 1 197 1 198 1 199 1 200 1 201 1 209 1 210 1 211 1 212 1 213 1 214 1 222 1 223 1 224 1 225 1 226 1 227 1 228 1 229 1 230 1 231 1 232 1 233 1 234 1 235 1 236 1 237 1 238 1 239 1 240 1 241 1 242 1 243 1 244 1 245 1 246 1 247 1 248 1 250 1 262 1 263 1 264 1 265 1 266 1 267 1 268 1 269 1 270 1 271 1 272 1 273 1 274 1 275 1 277 1 279 1 282 1 320 1 321 1 322 1 323 1 324 1 325 1 326 1 327 1 329 1 330 1 331 1 332 1 364 1 365 1 366 1 380 1 383 1 384 1 387 1 388 1 389 1 390 1 391 1 392 1 393 1 394 1 395 1 396 1 397 1 433 1 442 1 443 1 444 1 476 1 493 
42 54
1 279 1 280 1 332 1 333 1 397 1 398 1 399 1 400 1 401 1 402 1 456 1 457 1 458 1 480 1 482 1 483 1 484 1 485 1 486 1 487 1 494 1 495 1 496 1 497 1 498 1 499 1 500 1 501 1 502 1 504 1 505 1 511 1 514 1 515 1 516 1 529 1 530 1 533 1 535 1 538 1 547 1 550 1 551 1 559 1 569 1 570 1 571 1 572 1 573 1 574 1 575 1 576 1 585 1 586 
43 0
44 0
45 0
46 0
47 17
0 98 0 99 0 160 0 161 0 193 0 195 0 196 0 197 0 198 0 199 0 200 0 201 0 240 0 241 0 242 0 247 0 293 
48 3
0 697 0 758 0 760 
49 0
50 0
51 36
0 701 0 758 0 759 0 760 0 761 0 762 0 763 0 808 0 825 0 828 0 829 0 830 0 866 0 867 0 877 0 878 0 879 0 882 0 885 0 926 0 927 0 932 0 933 0 934 0 936 0 937 0 939 0 981 0 1027 0 1028 0 1029 0 1032 0 1055 0 1056 0 1057 0 1058 
52 15
0 752 0 753 0 754 0 808 0 819 0 820 0 821 0 822 0 823 0 824 0 825 0 979 0 1026 0 1053 0 1054 
53 0
54 43
0 599 0 600 0 601 0 631 0 632 0 645 0 646 0 647 0 669 0 670 0 690 0 692 0 693 0 694 0 695 0 748 0 749 0 755 0 756 0 757 0 810 0 811 0 812 0 813 0 814 0 815 0 816 0 817 0 852 0 853 0 860 0 861 0 862 0 863 0 864 0 865 0 870 0 871 0 872 0 873 0 922 0 923 0 924 
55 21
0 668 0 691 0 745 0 746 0 747 0 803 0 804 0 805 0 806 0 807 0 809 0 851 0 855 0 856 0 858 0 982 0 988 0 989 0 990 0 1036 0 1062 
56 0
57 0
58 23
0 251 0 252 0 253 0 255 0 304 0 307 0 308 0 311 0 312 0 313 0 361 0 364 0 365 0 366 0 367 0 368 0 371 0 372 0 373 0 374 0 375 0 427 0 429 
59 0
60 36
0 476 0 477 0 478 0 479 0 509 0 510 0 538 0 539 0 540 0 541 0 543 0 544 0 545 0 546 0 547 0 548 0 549 0 585 0 586 0 587 0 588 0 589 0 590 0 591 0 592 0 598 0 620 0 621 0 622 0 623 0 624 0 625 0 626 0 627 0 628 0 643 
61 72
0 251 0 252 0 253 0 255 0 297 0 298 0 304 0 307 0 308 0 311 0 312 0 313 0 357 0 360 0 361 0 362 0 364 0 365 0 366 0 367 0 368 0 371 0 372 0 373 0 374 0 375 0 409 0 410 0 411 0 412 0 413 0 414 0 415 0 416 0 417 0 427 0 429 0 478 0 510 0 511 0 512 0 513 0 514 0 538 0 548 0 549 0 550 0 551 0 552 0 553 0 554 0 555 0 556 0 557 0 559 0 560 0 561 0 587 0 588 0 593 0 594 0 595 0 596 0 597 0 626 0 644 0 668 0 745 0 746 0 747 0 804 0 805 
62 249
0 0 0 2 0 3 0 4 0 5 0 6 0 7 0 8 0 9 0 10 0 11 0 12 0 13 0 14 0 15 0 27 0 32 0 34 0 35 0 36 0 37 0 38 0 40 0 41 0 42 0 43 0 44 0 45 0 46 0 47 0 48 0 49 0 50 0 51 0 52 0 53 0 54 0 55 0 56 0 57 0 58 0 59 0 60 0 61 0 62 0 63 0 64 0 65 0 66 0 67 0 68 0 69 0 70 0 71 0 72 0 77 0 79 0 80 0 81 0 82 0 84 0 88 0 89 0 90 0 91 0 92 0 93 0 94 0 95 0 96 0 97 0 98 0 99 0 100 0 101 0 102 0 103 0 104 0 105 0 106 0 107 0 108 0 109 0 115 0 119 0 121 0 122 0 126 0 127 0 128 0 129 0 130 0 131 0 132 0 133 0 134 0 135 0 136 0 137 0 138 0 139 0 140 0 141 0 142 0 143 0 144 0 155 0 158 0 159 0 160 0 161 0 162 0 163 0 164 0 165 0 166 0 167 0 168 0 169 0 170 0 172 0 173 0 174 0 175 0 176 0 177 0 186 0 188 0 189 0 190 0 191 0 192 0 193 0 194 0 195 0 196 0 197 0 198 0 199 0 200 0 201 0 202 0 203 0 207 0 208 0 212 0 213 0 217 0 218 0 220 0 227 0 231 0 236 0 237 0 238 0 239 0 240 0 241 0 242 0 243 0 244 0 246 0 247 0 254 0 256 0 257 0 258 0 259 0 260 0 261 0 262 0 263 0 266 0 267 0 268 0 270 0 278 0 281 0 288 0 289 0 290 0 291 0 292 0 293 0 295 0 297 0 298 0 299 0 300 0 301 0 302 0 303 0 305 0 306 0 309 0 310 0 314 0 315 0 316 0 317 0 318 0 319 0 320 0 321 0 322 0 325 0 348 0 349 0 351 0 352 0 353 0 354 0 359 0 363 0 370 0 376 0 377 0 378 0 398 0 402 0 403 0 405 0 406 0 407 0 408 0 418 0 419 0 420 0 421 0 422 0 423 0 424 0 425 0 435 0 436 0 440 0 441 0 442 0 443 0 474 0 480 0 481 0 482 0 483 0 485 0 486 0 490 0 506 0 511 
63 89
0 16 0 25 0 73 0 74 0 75 0 76 0 78 0 82 0 83 0 84 0 85 0 86 0 110 0 111 0 112 0 113 0 114 0 115 0 116 0 117 0 118 0 119 0 120 0 121 0 122 0 123 0 124 0 125 0 126 0 127 0 145 0 146 0 147 0 148 0 149 0 150 0 151 0 152 0 153 0 154 0 155 0 156 0 157 0 158 0 180 0 181 0 182 0 183 0 184 0 185 0 186 0 187 0 188 0 189 0 190 0 191 0 192 0 194 0 222 0 223 0 224 0 225 0 226 0 227 0 228 0 229 0 230 0 231 0 232 0 233 0 234 0 235 0 236 0 275 0 276 0 277 0 278 0 279 0 280 0 281 0 282 0 283 0 284 0 285 0 286 0 288 0 290 0 344 0 352 
64 152
0 0 0 1 0 2 0 3 0 4 0 5 0 6 0 7 0 8 0 9 0 10 0 11 0 12 0 13 0 14 0 15 0 16 0 17 0 18 0 19 0 20 0 21 0 22 0 23 0 24 0 25 0 26 0 27 0 28 0 29 0 30 0 31 0 32 0 33 0 34 0 35 0 36 0 37 0 38 0 39 0 40 0 41 0 42 0 43 0 44 0 45 0 46 0 47 0 48 0 49 0 50 0 51 0 52 0 53 0 54 0 55 0 56 0 57 0 58 0 59 0 60 0 61 0 62 0 63 0 64 0 65 0 66 0 67 0 68 0 69 0 70 0 71 0 72 0 73 0 74 0 75 0 76 0 77 0 78 0 79 0 80 0 81 0 82 0 83 0 84 0 85 0 86 0 87 0 88 0 89 0 90 0 91 0 92 0 93 0 94 0 95 0 96 0 97 0 98 0 99 0 100 0 101 0 102 0 103 0 104 0 105 0 106 0 107 0 108 0 109 0 110 0 121 0 122 0 128 0 129 0 130 0 131 0 132 0 133 0 134 0 135 0 136 0 139 0 140 0 141 0 142 0 143 0 160 0 161 0 162 0 165 0 167 0 168 0 169 0 186 0 193 0 195 0 202 0 203 0 208 0 227 0 231 0 240 0 278 0 281 0 348 0 351 0 406 0 407 0 408 0 474 0 506 
