16
43 74 105 143 183 194 216 250 281 317 349 357 370 383 399 411
0.000000000000000000e+00 5.955754280090332031e+00 -1.486137104034423828e+01 1.294978027343750000e+02 6.145943403244018555e-01 -2.191430181264877319e-01 4.032548666000366211e-01 6.415883898735046387e-01
1.000000000000000000e+00 5.237104892730712891e+00 -1.369981384277343750e+01 1.279139099121093750e+02 3.964781761169433594e-01 -6.205025687813758850e-02 5.656915307044982910e-01 7.203803658485412598e-01
2.000000000000000000e+00 5.678860187530517578e+00 -1.430075263977050781e+01 1.286942749023437500e+02 4.904646575450897217e-01 -3.399678319692611694e-02 6.383921504020690918e-01 5.922365188598632812e-01
3.000000000000000000e+00 5.258749008178710938e+00 -1.490864658355712891e+01 1.258697433471679688e+02 5.676325559616088867e-01 -1.800565123558044434e-01 7.779847979545593262e-01 2.002812772989273071e-01
4.000000000000000000e+00 4.093751430511474609e+00 -1.481539535522460938e+01 1.261491165161132812e+02 2.196597866714000702e-02 -6.018593907356262207e-01 2.668276727199554443e-01 7.523866891860961914e-01
5.000000000000000000e+00 6.007287502288818359e+00 -1.572407722473144531e+01 1.268315963745117188e+02 6.500079631805419922e-01 1.162721496075391769e-02 7.088248729705810547e-01 -2.737183272838592529e-01
6.000000000000000000e+00 4.719813823699951172e+00 -1.562403964996337891e+01 1.269747848510742188e+02 7.955185770988464355e-01 1.671741306781768799e-01 -4.286467730998992920e-01 3.942904472351074219e-01
7.000000000000000000e+00 4.063216209411621094e+00 -1.735996246337890625e+01 1.236189117431640625e+02 7.463728189468383789e-01 2.559436857700347900e-01 -4.303220808506011963e-01 4.384555816650390625e-01
8.000000000000000000e+00 5.732556819915771484e+00 -1.725834083557128906e+01 1.231831817626953125e+02 6.748533844947814941e-01 5.231097340583801270e-02 6.893236041069030762e-01 -2.582042813301086426e-01
9.000000000000000000e+00 3.709012269973754883e+00 -1.535734462738037109e+01 1.223281173706054688e+02 3.890009224414825439e-01 -5.198476910591125488e-01 4.873123764991760254e-01 5.839206576347351074e-01
1.000000000000000000e+01 5.281934738159179688e+00 -1.605842018127441406e+01 1.222446594238281250e+02 6.399263739585876465e-01 -2.469164282083511353e-01 7.046024203300476074e-01 1.818295270204544067e-01
1.100000000000000000e+01 3.457134962081909180e+00 -1.593564987182617188e+01 1.245070724487304688e+02 8.048985004425048828e-01 -9.461614489555358887e-02 -5.752159953117370605e-01 1.109627038240432739e-01
1.200000000000000000e+01 4.179970264434814453e+00 -1.855266952514648438e+01 1.207030334472656250e+02 5.421621799468994141e-01 3.847872018814086914e-01 4.474707245826721191e-01 -5.981379151344299316e-01
1.300000000000000000e+01 4.908455848693847656e+00 -1.593421745300292969e+01 1.187271423339843750e+02 5.952137112617492676e-01 -3.839241564273834229e-01 6.169703006744384766e-01 3.430313169956207275e-01
1.400000000000000000e+01 2.933454513549804688e+00 -1.606521797180175781e+01 1.188080596923828125e+02 1.427177637815475464e-01 -6.515109539031982422e-01 3.177654743194580078e-01 6.739363670349121094e-01
1.500000000000000000e+01 5.408888816833496094e+00 -1.818601608276367188e+01 1.186600265502929688e+02 6.531276702880859375e-01 7.585261017084121704e-02 7.205623984336853027e-01 -2.201374471187591553e-01
1.600000000000000000e+01 2.342111110687255859e+00 -1.934473991394042969e+01 1.179086303710937500e+02 6.017828583717346191e-01 3.896009922027587891e-01 -4.726896882057189941e-01 5.124772787094116211e-01
1.700000000000000000e+01 2.195224761962890625e+00 -1.807055854797363281e+01 1.198435592651367188e+02 7.575940489768981934e-01 -1.097684055566787720e-01 -6.188604831695556641e-01 1.761075556278228760e-01
1.800000000000000000e+01 2.565275907516479492e+00 -1.674869918823242188e+01 1.215393600463867188e+02 7.496200203895568848e-01 -8.571950346231460571e-02 -6.419554352760314941e-01 1.364374607801437378e-01
1.900000000000000000e+01 2.025849342346191406e+00 -1.796736717224121094e+01 1.170266876220703125e+02 7.058789730072021484e-01 -1.940218210220336914e-01 -6.802760958671569824e-01 3.625985234975814819e-02
2.000000000000000000e+01 4.598874568939208984e+00 -1.915400123596191406e+01 1.166642837524414062e+02 5.790793299674987793e-01 2.340289503335952759e-01 6.191892027854919434e-01 -4.759226441383361816e-01
2.100000000000000000e+01 4.695800781250000000e+00 -1.954402160644531250e+01 1.135852432250976562e+02 6.665031909942626953e-01 2.444441020488739014e-01 6.008855104446411133e-01 -3.673651814460754395e-01
2.200000000000000000e+01 3.091996192932128906e+00 -1.652440452575683594e+01 1.153466339111328125e+02 2.211334109306335449e-01 -6.884123086929321289e-01 3.354152441024780273e-01 6.038916707038879395e-01
2.300000000000000000e+01 4.987895011901855469e+00 -1.651491165161132812e+01 1.151943511962890625e+02 6.637311577796936035e-01 -2.180866152048110962e-01 7.062807679176330566e-01 1.143093109130859375e-01
2.400000000000000000e+01 5.053044795989990234e+00 -1.813410186767578125e+01 1.158045349121093750e+02 6.731628179550170898e-01 4.209678620100021362e-02 7.300958633422851562e-01 -1.097256392240524292e-01
2.500000000000000000e+01 4.572621345520019531e+00 -1.714740180969238281e+01 1.113794479370117188e+02 2.345144599676132202e-01 -7.164520025253295898e-01 -3.091424405574798584e-01 -5.797675848007202148e-01
2.600000000000000000e+01 2.685484647750854492e+00 -1.993691635131835938e+01 1.145161132812500000e+02 5.759154558181762695e-01 2.262732684612274170e-01 -6.592966914176940918e-01 4.271412193775177002e-01
2.700000000000000000e+01 2.181028842926025391e+00 -1.847107696533203125e+01 1.139081268310546875e+02 6.153326034545898438e-01 -1.195025295019149780e-01 -7.767535448074340820e-01 -6.114630028605461121e-02
2.800000000000000000e+01 3.382164716720581055e+00 -1.693194389343261719e+01 1.128467788696289062e+02 1.828669011592864990e-01 -6.532716751098632812e-01 4.745790958404541016e-01 5.608658790588378906e-01
2.900000000000000000e+01 4.598620891571044922e+00 -1.797544288635253906e+01 1.089272842407226562e+02 8.722003549337387085e-02 -6.317496299743652344e-01 -4.768742024898529053e-01 -6.048769354820251465e-01
3.000000000000000000e+01 4.441808700561523438e+00 -2.036234092712402344e+01 1.101017074584960938e+02 6.624807715415954590e-01 3.351689279079437256e-01 5.612338781356811523e-01 -3.657835125923156738e-01
3.100000000000000000e+01 3.270143032073974609e+00 -1.803016662597656250e+01 1.105486602783203125e+02 3.952557966113090515e-02 -7.580172419548034668e-01 3.079602718353271484e-01 5.735922455787658691e-01
3.200000000000000000e+01 3.219091653823852539e+00 -2.033041763305664062e+01 1.118672485351562500e+02 6.062346100807189941e-01 3.275660872459411621e-01 -5.759057402610778809e-01 4.399006962776184082e-01
3.300000000000000000e+01 2.883413553237915039e+00 -1.984253692626953125e+01 1.098427505493164062e+02 -5.346657708287239075e-02 -7.817172408103942871e-01 2.443494088947772980e-02 6.208561658859252930e-01
3.400000000000000000e+01 3.531173944473266602e+00 -2.084795951843261719e+01 1.085684738159179688e+02 5.932255387306213379e-01 2.712752223014831543e-01 -6.207386255264282227e-01 4.349445104598999023e-01
3.500000000000000000e+01 3.647547483444213867e+00 -1.988285064697265625e+01 1.071356582641601562e+02 5.560854449868202209e-02 -7.387192249298095703e-01 3.033581376075744629e-01 5.993124246597290039e-01
3.600000000000000000e+01 4.650533199310302734e+00 -1.885317611694335938e+01 1.110808639526367188e+02 6.734752058982849121e-01 -1.481899470090866089e-01 7.141306996345520020e-01 -1.203671321272850037e-01
3.700000000000000000e+01 4.546300888061523438e+00 -2.086673355102539062e+01 1.072791290283203125e+02 6.971165537834167480e-01 1.543335020542144775e-01 6.147824525833129883e-01 -3.350405395030975342e-01
3.800000000000000000e+01 4.751738548278808594e+00 -1.933946037292480469e+01 1.048841705322265625e+02 2.256584465503692627e-01 -6.331426501274108887e-01 -4.861676990985870361e-01 -5.584349632263183594e-01
3.900000000000000000e+01 3.987988233566284180e+00 -2.112832069396972656e+01 1.058463363647460938e+02 5.801460742950439453e-01 -2.733762608841061592e-03 -7.736985087394714355e-01 2.545852661132812500e-01
4.000000000000000000e+01 4.889150619506835938e+00 -2.156225013732910156e+01 1.046278915405273438e+02 7.603490352630615234e-02 -6.147971153259277344e-01 -1.685348451137542725e-01 -7.667067050933837891e-01
4.100000000000000000e+01 4.955484390258789062e+00 -2.045508193969726562e+01 1.036921539306640625e+02 -5.438279509544372559e-01 -4.829545617103576660e-01 -3.639739453792572021e-01 -5.818324685096740723e-01
4.200000000000000000e+01 4.664332866668701172e+00 -1.884580802917480469e+01 1.066892852783203125e+02 2.921068966388702393e-01 -6.306348443031311035e-01 -4.478872716426849365e-01 -5.624679923057556152e-01
4.300000000000000000e+01 3.998531818389892578e+00 -1.625763702392578125e+01 1.333930664062500000e+02 5.711679458618164062e-01 -7.372293472290039062e-01 1.058034524321556091e-01 -3.450589179992675781e-01
4.400000000000000000e+01 3.123387098312377930e+00 -1.372821807861328125e+01 1.331078033447265625e+02 5.731077790260314941e-01 1.607908010482788086e-01 6.084221601486206055e-01 5.248964428901672363e-01
4.500000000000000000e+01 1.126514673233032227e+00 -9.435606956481933594e+00 1.303954620361328125e+02 5.945723056793212891e-01 1.518204212188720703e-01 3.610785305500030518e-01 7.021799087524414062e-01
4.600000000000000000e+01 2.036279916763305664e+00 -1.140085315704345703e+01 1.319889526367187500e+02 5.191973447799682617e-01 6.324023753404617310e-02 5.682820677757263184e-01 6.352087855339050293e-01
4.700000000000000000e+01 7.833097457885742188e+00 -2.000301742553710938e+01 1.229484329223632812e+02 5.873687863349914551e-01 -2.608342766761779785e-01 7.590559720993041992e-01 1.039104610681533813e-01
4.800000000000000000e+01 5.580885410308837891e+00 -2.039516830444335938e+01 1.226991882324218750e+02 4.601379036903381348e-01 -6.403541564941406250e-01 5.681437253952026367e-01 2.354409247636795044e-01
4.900000000000000000e+01 6.723321914672851562e+00 -2.048563194274902344e+01 1.194393081665039062e+02 5.141495466232299805e-01 -3.977664709091186523e-01 6.791806221008300781e-01 3.408015966415405273e-01
5.000000000000000000e+01 4.350727081298828125e+00 -1.762800979614257812e+01 1.309833984375000000e+02 1.416111458092927933e-02 -6.357917189598083496e-01 -4.172903895378112793e-01 -6.491818428039550781e-01
5.100000000000000000e+01 2.747546911239624023e+00 -1.551678562164306641e+01 1.299880065917968750e+02 5.138640999794006348e-01 -4.720007777214050293e-01 7.158020138740539551e-01 2.804356813430786133e-02
5.200000000000000000e+01 3.551885485649108887e-01 -1.276169967651367188e+01 1.290620880126953125e+02 7.991012930870056152e-02 -7.200316190719604492e-01 5.510150790214538574e-01 4.141874015331268311e-01
5.300000000000000000e+01 1.526985406875610352e+00 -1.292852783203125000e+01 1.291092071533203125e+02 5.490320324897766113e-01 -4.567196071147918701e-01 6.825580596923828125e-01 -1.551951318979263306e-01
5.400000000000000000e+01 1.200862884521484375e+00 -1.541741561889648438e+01 1.311322631835937500e+02 -3.610077798366546631e-01 -4.749791920185089111e-01 9.702477604150772095e-02 7.966519594192504883e-01
5.500000000000000000e+01 3.043042182922363281e+00 -1.838866806030273438e+01 1.321001434326171875e+02 -4.169963896274566650e-01 -4.247912764549255371e-01 -1.904754666611552238e-03 8.035314083099365234e-01
5.600000000000000000e+01 5.079170227050781250e+00 -1.863068580627441406e+01 1.325267181396484375e+02 -7.888434529304504395e-01 1.701716184616088867e-01 -4.125347435474395752e-01 4.225904941558837891e-01
5.700000000000000000e+01 4.840681552886962891e+00 -1.905902099609375000e+01 1.281386413574218750e+02 1.414634734392166138e-01 -5.771209597587585449e-01 -5.093610882759094238e-01 -6.224715113639831543e-01
5.800000000000000000e+01 3.340831279754638672e+00 -1.742646789550781250e+01 1.273016891479492188e+02 6.530064344406127930e-01 -4.011303484439849854e-01 6.419762969017028809e-01 -2.331217564642429352e-02
5.900000000000000000e+01 2.300404548645019531e+00 -1.551577186584472656e+01 1.266885223388671875e+02 4.338667988777160645e-01 -6.487477421760559082e-01 5.932574868202209473e-01 1.973107904195785522e-01
6.000000000000000000e+01 9.853474497795104980e-01 -1.589513015747070312e+01 1.266655426025390625e+02 -1.772773265838623047e-01 -7.401862144470214844e-01 3.927652537822723389e-01 5.161710977554321289e-01
6.100000000000000000e+01 7.037476301193237305e-01 -1.766816139221191406e+01 1.275612030029296875e+02 -3.898373246192932129e-01 -6.177095770835876465e-01 8.690323680639266968e-02 6.774286031723022461e-01
6.200000000000000000e+01 2.519712209701538086e+00 -2.048487472534179688e+01 1.288908538818359375e+02 -4.672210812568664551e-01 -6.283226013183593750e-01 -5.707091093063354492e-02 6.194013357162475586e-01
6.300000000000000000e+01 5.301635265350341797e+00 -2.102847099304199219e+01 1.292951812744140625e+02 -6.769813895225524902e-01 -4.616074264049530029e-01 -3.543014824390411377e-01 4.506498277187347412e-01
6.400000000000000000e+01 6.282645225524902344e+00 -1.996869659423828125e+01 1.290204925537109375e+02 -8.081886172294616699e-01 1.830943673849105835e-01 -5.585597753524780273e-01 3.631304949522018433e-02
6.500000000000000000e+01 7.408109664916992188e+00 -1.960589790344238281e+01 1.257623977661132812e+02 -8.730277419090270996e-01 1.891538053750991821e-01 -4.154068827629089355e-01 -1.716988235712051392e-01
6.600000000000000000e+01 4.593220710754394531e+00 -1.952972793579101562e+01 1.252167816162109375e+02 -6.137554645538330078e-01 4.364913105964660645e-01 -6.291949152946472168e-01 -1.920763552188873291e-01
6.700000000000000000e+01 3.320155620574951172e+00 -1.826184463500976562e+01 1.240419387817382812e+02 -3.025600910186767578e-01 7.506451606750488281e-01 -5.709375739097595215e-01 -1.379113346338272095e-01
6.800000000000000000e+01 2.120441675186157227e+00 -1.897458457946777344e+01 1.240685577392578125e+02 2.524497509002685547e-01 7.881034016609191895e-01 -3.904671967029571533e-01 -4.033578038215637207e-01
6.900000000000000000e+01 2.590740680694580078e+00 -2.067145156860351562e+01 1.249605178833007812e+02 5.800670385360717773e-01 7.103390097618103027e-01 -1.622685045003890991e-01 -3.641560971736907959e-01
7.000000000000000000e+01 4.453165531158447266e+00 -2.168838310241699219e+01 1.257788772583007812e+02 6.091527938842773438e-01 6.344612836837768555e-01 2.442044615745544434e-01 -4.083576202392578125e-01
7.100000000000000000e+01 6.292871475219726562e+00 -2.128488540649414062e+01 1.259306106567382812e+02 7.133060693740844727e-01 4.720871448516845703e-01 4.837877750396728516e-01 -1.851420253515243530e-01
7.200000000000000000e+01 4.047359466552734375e+00 -2.140394401550292969e+01 1.219573135375976562e+02 1.802259534597396851e-01 8.876341581344604492e-01 -1.057232245802879333e-01 -4.104227125644683838e-01
7.300000000000000000e+01 5.957244873046875000e+00 -2.180383300781250000e+01 1.230687408447265625e+02 6.758980751037597656e-01 6.179768443107604980e-01 3.726031780242919922e-01 -1.497774571180343628e-01
7.400000000000000000e+01 7.588092803955078125e+00 -1.519499397277832031e+01 1.346040039062500000e+02 -4.091886579990386963e-01 -1.961337327957153320e-01 2.608850896358489990e-01 8.520769476890563965e-01
7.500000000000000000e+01 6.152792453765869141e+00 -1.632093238830566406e+01 1.343995361328125000e+02 -4.295454174280166626e-02 -1.758423596620559692e-01 7.906139492988586426e-01 5.849478244781494141e-01
7.600000000000000000e+01 4.409045696258544922e+00 -1.624724960327148438e+01 1.338467864990234375e+02 2.465487569570541382e-01 -5.765830632299184799e-03 9.202799201011657715e-01 3.037520051002502441e-01
7.700000000000000000e+01 9.775332450866699219e+00 -1.757134056091308594e+01 1.334187927246093750e+02 9.170740097761154175e-02 5.344597697257995605e-01 5.319992899894714355e-01 6.503224372863769531e-01
7.800000000000000000e+01 8.029739379882812500e+00 -1.828126716613769531e+01 1.336742553710937500e+02 -1.317093968391418457e-01 6.185747385025024414e-01 7.481481432914733887e-01 2.007293701171875000e-01
7.900000000000000000e+01 5.965742111206054688e+00 -1.896986007690429688e+01 1.331297912597656250e+02 -2.077043950557708740e-01 5.851194858551025391e-01 7.188150286674499512e-01 3.127284049987792969e-01
8.000000000000000000e+01 4.145728111267089844e+00 -1.904385948181152344e+01 1.326278686523437500e+02 -6.158724427223205566e-01 2.538303434848785400e-01 7.156059741973876953e-01 -2.101888358592987061e-01
8.100000000000000000e+01 5.893456459045410156e+00 -1.877327346801757812e+01 1.342692260742187500e+02 -6.799674630165100098e-01 -7.073245942592620850e-02 1.155930757522583008e-01 -7.206104397773742676e-01
8.200000000000000000e+01 7.947625637054443359e+00 -1.814723587036132812e+01 1.345086517333984375e+02 -5.492731928825378418e-01 -2.614585757255554199e-01 -1.843063393607735634e-03 -7.936844229698181152e-01
8.300000000000000000e+01 6.245479583740234375e+00 -2.103405761718750000e+01 1.319880371093750000e+02 -5.938426852226257324e-01 -2.736684381961822510e-01 4.149048030376434326e-01 -6.327009201049804688e-01
8.400000000000000000e+01 8.271478652954101562e+00 -2.037865638732910156e+01 1.326448974609375000e+02 -4.570937156677246094e-01 -3.933965265750885010e-01 2.054407447576522827e-01 -7.707779407501220703e-01
8.500000000000000000e+01 1.025785732269287109e+01 -1.921488761901855469e+01 1.310641326904296875e+02 -2.465202063322067261e-01 -6.270679831504821777e-01 2.965477854013442993e-02 -7.383319735527038574e-01
8.600000000000000000e+01 9.163759231567382812e+00 -1.882840538024902344e+01 1.291211547851562500e+02 5.647500157356262207e-01 -5.042946934700012207e-01 -5.205308794975280762e-01 -3.947047889232635498e-01
8.700000000000000000e+01 8.489115715026855469e+00 -1.889561843872070312e+01 1.309673919677734375e+02 5.089868903160095215e-01 -5.308431982994079590e-01 -6.053380370140075684e-01 -3.044728636741638184e-01
8.800000000000000000e+01 6.336258888244628906e+00 -2.046781539916992188e+01 1.304949645996093750e+02 5.692483186721801758e-01 -3.878980576992034912e-01 -6.748648285865783691e-01 -2.646675407886505127e-01
8.900000000000000000e+01 4.812848567962646484e+00 -2.115826416015625000e+01 1.296731109619140625e+02 6.066612005233764648e-01 -1.203412264585494995e-01 -7.786373496055603027e-01 1.058489680290222168e-01
9.000000000000000000e+01 7.572823047637939453e+00 -1.976991081237792969e+01 1.285673217773437500e+02 6.911816000938415527e-01 -3.302353620529174805e-01 -6.236565709114074707e-01 -1.557725667953491211e-01
9.100000000000000000e+01 6.949328899383544922e+00 -2.255628776550292969e+01 1.282001495361328125e+02 -5.004335641860961914e-01 -4.167020022869110107e-01 5.267668962478637695e-01 -5.462987422943115234e-01
9.200000000000000000e+01 8.740985870361328125e+00 -2.160130310058593750e+01 1.299789886474609375e+02 -2.140973657369613647e-01 -6.164858341217041016e-01 1.822501569986343384e-01 -7.354539036750793457e-01
9.300000000000000000e+01 9.972216606140136719e+00 -2.013647270202636719e+01 1.270942535400390625e+02 -2.071597278118133545e-01 -7.425479292869567871e-01 2.888500504195690155e-02 -6.362963914871215820e-01
9.400000000000000000e+01 8.373389244079589844e+00 -1.931375312805175781e+01 1.256659011840820312e+02 6.546110510826110840e-01 -3.656618297100067139e-01 -6.264788508415222168e-01 -2.128381431102752686e-01
9.500000000000000000e+01 6.398017406463623047e+00 -2.112019920349121094e+01 1.273122406005859375e+02 5.459419488906860352e-01 -3.220561444759368896e-01 -6.798420548439025879e-01 -3.688387274742126465e-01
9.600000000000000000e+01 5.793155670166015625e+00 -2.174536895751953125e+01 1.257438659667968750e+02 5.659711956977844238e-01 -1.035807058215141296e-01 -7.985729575157165527e-01 -1.767169088125228882e-01
9.700000000000000000e+01 7.276698589324951172e+00 -2.246023941040039062e+01 1.250667572021484375e+02 -4.269492924213409424e-01 -5.039817094802856445e-01 6.076259016990661621e-01 -4.410300552845001221e-01
9.800000000000000000e+01 8.911810874938964844e+00 -2.103727149963378906e+01 1.234403152465820312e+02 -8.231765590608119965e-03 -8.280539512634277344e-01 1.305876821279525757e-01 -5.451658368110656738e-01
9.900000000000000000e+01 8.939188957214355469e+00 -2.189589309692382812e+01 1.265477752685546875e+02 -2.479768395423889160e-01 -6.317265629768371582e-01 3.328979909420013428e-01 -6.546815633773803711e-01
1.000000000000000000e+02 8.328194618225097656e+00 -1.965723228454589844e+01 1.232835159301757812e+02 3.364568352699279785e-01 -7.005608081817626953e-01 -3.392499089241027832e-01 -5.300197005271911621e-01
1.010000000000000000e+02 6.798737049102783203e+00 -2.133112907409667969e+01 1.230466613769531250e+02 6.106563806533813477e-01 -4.388272762298583984e-02 -7.830920815467834473e-01 -1.092698648571968079e-01
1.020000000000000000e+02 7.163043022155761719e+00 -2.090160560607910156e+01 1.246459045410156250e+02 5.757915377616882324e-01 -2.061439156532287598e-01 -7.258138656616210938e-01 -3.149016797542572021e-01
1.030000000000000000e+02 7.276698589324951172e+00 -2.246023941040039062e+01 1.250667572021484375e+02 -4.269492924213409424e-01 -5.039817094802856445e-01 6.076259016990661621e-01 -4.410300552845001221e-01
1.040000000000000000e+02 7.632706165313720703e+00 -2.041759300231933594e+01 1.207216262817382812e+02 -1.878255605697631836e-01 -3.687935173511505127e-01 6.637555360794067383e-01 6.230100393295288086e-01
1.050000000000000000e+02 1.019988441467285156e+01 -9.244165420532226562e+00 1.339317016601562500e+02 3.085860908031463623e-01 1.580329984426498413e-01 -6.851426362991333008e-01 -6.406089067459106445e-01
1.060000000000000000e+02 8.667661666870117188e+00 -1.054559707641601562e+01 1.343376007080078125e+02 3.522470891475677490e-01 1.434329450130462646e-01 -6.276041269302368164e-01 -6.793099641799926758e-01
1.070000000000000000e+02 7.909656524658203125e+00 -1.221675682067871094e+01 1.348326721191406250e+02 5.109850764274597168e-01 4.569467604160308838e-01 -5.030642151832580566e-01 -5.263271927833557129e-01
1.080000000000000000e+02 7.818030834197998047e+00 -1.407445907592773438e+01 1.349769439697265625e+02 4.997926354408264160e-01 1.784598976373672485e-01 -3.506398797035217285e-01 -7.716288566589355469e-01
1.090000000000000000e+02 1.082333469390869141e+01 -1.134252071380615234e+01 1.327201538085937500e+02 -1.683965176343917847e-01 -6.182706356048583984e-01 -5.998235344886779785e-01 -4.791615307331085205e-01
1.100000000000000000e+02 9.208290100097656250e+00 -1.123682403564453125e+01 1.331733398437500000e+02 3.299382328987121582e-01 -6.591829657554626465e-01 -6.740393638610839844e-01 -4.784828051924705505e-02
1.110000000000000000e+02 8.548174858093261719e+00 -1.434903430938720703e+01 1.337238769531250000e+02 3.485713899135589600e-01 7.916198968887329102e-01 -3.640506267547607422e-01 -3.454027473926544189e-01
1.120000000000000000e+02 8.790581703186035156e+00 -1.591526126861572266e+01 1.343295135498046875e+02 6.072838306427001953e-01 6.056416630744934082e-01 -2.231677174568176270e-01 -4.632501006126403809e-01
1.130000000000000000e+02 9.231457710266113281e+00 -1.367790985107421875e+01 1.341578674316406250e+02 8.333166241645812988e-01 -1.858033090829849243e-01 2.293113619089126587e-01 -4.674150347709655762e-01
1.140000000000000000e+02 9.889487266540527344e+00 -1.165220642089843750e+01 1.337459106445312500e+02 8.190135359764099121e-01 -1.473567336797714233e-01 2.768269479274749756e-01 -4.804889857769012451e-01
1.150000000000000000e+02 1.141475105285644531e+01 -1.354208755493164062e+01 1.315917358398437500e+02 4.939530789852142334e-01 -6.364981532096862793e-01 5.923354029655456543e-01 4.380824975669384003e-03
1.160000000000000000e+02 9.942610740661621094e+00 -1.327872657775878906e+01 1.325518035888671875e+02 -1.301616728305816650e-01 -8.298680186271667480e-01 4.926710426807403564e-01 2.272713184356689453e-01
1.170000000000000000e+02 9.802128791809082031e+00 -1.515079116821289062e+01 1.319446411132812500e+02 -3.207154273986816406e-01 -7.350666522979736328e-01 4.170910716056823730e-01 4.276139438152313232e-01
1.180000000000000000e+02 8.390405654907226562e+00 -1.267974567413330078e+01 1.333527679443359375e+02 -2.945509254932403564e-01 -7.706760168075561523e-01 4.516337811946868896e-01 3.395956456661224365e-01
1.190000000000000000e+02 9.768467903137207031e+00 -1.658197212219238281e+01 1.332369995117187500e+02 -4.468034803867340088e-01 -7.289516329765319824e-01 3.247770667076110840e-01 4.043712019920349121e-01
1.200000000000000000e+02 1.074362945556640625e+01 -1.636400222778320312e+01 1.327551269531250000e+02 7.714294791221618652e-01 -2.293037623167037964e-01 3.895264267921447754e-01 -4.478677213191986084e-01
1.210000000000000000e+02 1.073697376251220703e+01 -1.364258098602294922e+01 1.329395294189453125e+02 7.866979837417602539e-01 -1.588353961706161499e-01 3.561915457248687744e-01 -4.785448610782623291e-01
1.220000000000000000e+02 1.161037635803222656e+01 -1.608037185668945312e+01 1.310630798339843750e+02 7.668433189392089844e-01 -9.837674349546432495e-02 5.108787417411804199e-01 -3.758673965930938721e-01
1.230000000000000000e+02 1.126181507110595703e+01 -1.820447731018066406e+01 1.301600799560546875e+02 6.823550462722778320e-01 -5.606542527675628662e-02 6.479224562644958496e-01 -3.338334560394287109e-01
1.240000000000000000e+02 1.035779190063476562e+01 -1.848003196716308594e+01 1.323327636718750000e+02 6.304919123649597168e-01 3.805139064788818359e-01 3.181318342685699463e-01 -5.970605611801147461e-01
1.250000000000000000e+02 1.185770511627197266e+01 -1.573177814483642578e+01 1.292729644775390625e+02 5.242242813110351562e-01 -5.471562147140502930e-01 6.521019339561462402e-01 2.391625009477138519e-02
1.260000000000000000e+02 1.085509395599365234e+01 -1.518647480010986328e+01 1.307155151367187500e+02 -1.647910848259925842e-02 -7.578543424606323242e-01 4.520722925662994385e-01 4.701233208179473877e-01
1.270000000000000000e+02 1.053807735443115234e+01 -1.665241050720214844e+01 1.292910766601562500e+02 -1.286098510026931763e-01 -6.377123594284057617e-01 3.009710907936096191e-01 6.972796320915222168e-01
1.280000000000000000e+02 9.782622337341308594e+00 -1.822313880920410156e+01 1.301701049804687500e+02 -1.722282916307449341e-02 -6.429366469383239746e-01 1.896625310182571411e-01 7.418652176856994629e-01
1.290000000000000000e+02 1.014559936523437500e+01 -1.697331809997558594e+01 1.314740905761718750e+02 -1.900549232959747314e-01 -7.236294150352478027e-01 1.636051833629608154e-01 6.430186629295349121e-01
1.300000000000000000e+02 1.045382690429687500e+01 -1.969730949401855469e+01 1.295615386962890625e+02 -5.206010341644287109e-01 -4.999500513076782227e-01 -3.343637585639953613e-01 6.059912443161010742e-01
1.310000000000000000e+02 9.357979774475097656e+00 -1.911127853393554688e+01 1.269190979003906250e+02 -3.224062323570251465e-01 -6.182230114936828613e-01 -3.310236334800720215e-02 7.160717844963073730e-01
1.320000000000000000e+02 1.141922950744628906e+01 -1.875901985168457031e+01 1.277563934326171875e+02 6.151690483093261719e-01 -9.882755577564239502e-02 7.388989925384521484e-01 -2.565705776214599609e-01
1.330000000000000000e+02 1.011896800994873047e+01 -1.768396377563476562e+01 1.274065475463867188e+02 5.039415508508682251e-02 -5.849387049674987793e-01 4.296842217445373535e-01 6.860601902008056641e-01
1.340000000000000000e+02 1.069231796264648438e+01 -1.924095726013183594e+01 1.250868988037109375e+02 5.182335376739501953e-01 -7.657323777675628662e-02 8.154391646385192871e-01 -2.462305277585983276e-01
1.350000000000000000e+02 1.127564811706542969e+01 -1.750987243652343750e+01 1.265777511596679688e+02 4.352089166641235352e-01 -3.912402093410491943e-01 7.925147414207458496e-01 1.715945303440093994e-01
1.360000000000000000e+02 8.670791625976562500e+00 -1.952449226379394531e+01 1.240763092041015625e+02 5.709657445549964905e-02 -5.878505706787109375e-01 1.832075268030166626e-01 7.858795523643493652e-01
1.370000000000000000e+02 9.933775901794433594e+00 -2.019508934020996094e+01 1.262850875854492188e+02 -3.212755918502807617e-01 -5.479999780654907227e-01 -2.695442438125610352e-01 7.237568497657775879e-01
1.380000000000000000e+02 9.866724967956542969e+00 -1.844652748107910156e+01 1.252573394775390625e+02 6.661318987607955933e-02 -4.870618283748626709e-01 5.807017683982849121e-01 6.489367485046386719e-01
1.390000000000000000e+02 9.466776847839355469e+00 -2.023876571655273438e+01 1.236550445556640625e+02 -5.150668621063232422e-01 -7.309594750404357910e-01 1.599968820810317993e-01 -4.180973172187805176e-01
1.400000000000000000e+02 8.952310562133789062e+00 -1.962166976928710938e+01 1.232769317626953125e+02 4.533049464225769043e-01 -8.105100393295288086e-01 -2.648606002330780029e-01 -2.596862912178039551e-01
1.410000000000000000e+02 8.368992805480957031e+00 -2.013835334777832031e+01 1.223717193603515625e+02 3.513457477092742920e-01 -2.414008527994155884e-01 -5.797941684722900391e-01 6.943489909172058105e-01
1.420000000000000000e+02 8.234891891479492188e+00 -2.005752754211425781e+01 1.208916778564453125e+02 -1.655137985944747925e-01 6.686999797821044922e-01 1.238903254270553589e-01 7.142105102539062500e-01
1.430000000000000000e+02 6.683692455291748047e+00 -1.820425987243652344e+01 1.289081420898437500e+02 6.508100032806396484e-01 -5.614584684371948242e-01 4.386159777641296387e-01 -2.623485624790191650e-01
1.440000000000000000e+02 6.296505928039550781e+00 -1.947714805603027344e+01 1.249662399291992188e+02 6.026289463043212891e-01 1.436644345521926880e-01 6.014087796211242676e-01 -5.044862627983093262e-01
1.450000000000000000e+02 6.301668643951416016e+00 -1.789496040344238281e+01 1.247140045166015625e+02 5.018368959426879883e-01 -4.798166155815124512e-01 6.697813868522644043e-01 2.633033990859985352e-01
1.460000000000000000e+02 4.567138671875000000e+00 -1.807927894592285156e+01 1.251421661376953125e+02 2.559953033924102783e-01 -5.661832690238952637e-01 3.566004633903503418e-01 6.976668238639831543e-01
1.470000000000000000e+02 4.976416587829589844e+00 -1.963507461547851562e+01 1.253587493896484375e+02 2.649153172969818115e-01 4.251391589641571045e-01 2.201243788003921509e-01 -8.370315432548522949e-01
1.480000000000000000e+02 5.810877799987792969e+00 -1.849260520935058594e+01 1.210050430297851562e+02 6.322624683380126953e-01 -3.269013762474060059e-01 6.924006342887878418e-01 1.181567087769508362e-01
1.490000000000000000e+02 6.412813663482666016e+00 -2.020887947082519531e+01 1.208085403442382812e+02 7.309002280235290527e-01 -1.481650322675704956e-01 6.626509428024291992e-01 -6.874421238899230957e-02
1.500000000000000000e+02 4.599597454071044922e+00 -1.806132125854492188e+01 1.225949172973632812e+02 4.348649382591247559e-01 -6.157482266426086426e-01 5.103272795677185059e-01 4.138993024826049805e-01
1.510000000000000000e+02 3.970495462417602539e+00 -1.890715408325195312e+01 1.194530334472656250e+02 4.141536951065063477e-01 -6.224135160446166992e-01 4.672218561172485352e-01 4.719977676868438721e-01
1.520000000000000000e+02 3.009690046310424805e+00 -1.880180549621582031e+01 1.230789108276367188e+02 5.358220636844635010e-02 -5.251634716987609863e-01 1.491570770740509033e-01 8.361126780509948730e-01
1.530000000000000000e+02 3.541388988494873047e+00 -2.121191978454589844e+01 1.206152496337890625e+02 -2.585856318473815918e-01 -5.177968144416809082e-01 -3.048258721828460693e-01 7.563736438751220703e-01
1.540000000000000000e+02 2.340679168701171875e+00 -1.923881912231445312e+01 1.204875640869140625e+02 4.733632132411003113e-02 -7.068771719932556152e-01 1.279410868883132935e-01 6.940569281578063965e-01
1.550000000000000000e+02 5.031125068664550781e+00 -2.089360809326171875e+01 1.227422027587890625e+02 -4.753016531467437744e-01 -4.044851064682006836e-01 -2.860441505908966064e-01 7.270892858505249023e-01
1.560000000000000000e+02 5.383985042572021484e+00 -2.200605010986328125e+01 1.194173507690429688e+02 -5.475910902023315430e-01 -3.972954750061035156e-01 -5.025117397308349609e-01 5.383142828941345215e-01
1.570000000000000000e+02 6.558744907379150391e+00 -1.759958839416503906e+01 1.267106628417968750e+02 -7.444204688072204590e-01 2.367677241563796997e-01 -6.216132640838623047e-01 -5.810513719916343689e-02
1.580000000000000000e+02 5.670408725738525391e+00 -1.872527694702148438e+01 1.273789749145507812e+02 -8.499449491500854492e-01 -2.419985681772232056e-01 4.126442372798919678e-01 -2.208053916692733765e-01
1.590000000000000000e+02 6.334284305572509766e+00 -2.090214347839355469e+01 1.175996398925781250e+02 -1.201198548078536987e-01 -7.178590893745422363e-01 -4.234782978892326355e-02 -6.844386458396911621e-01
1.600000000000000000e+02 5.309158802032470703e+00 -1.900740814208984375e+01 1.176355743408203125e+02 3.091711401939392090e-01 -6.812092661857604980e-01 -4.208214581012725830e-01 -5.131047368049621582e-01
1.610000000000000000e+02 2.182359457015991211e+00 -1.964422225952148438e+01 1.163927764892578125e+02 8.438638448715209961e-01 2.149386554956436157e-01 -4.909343123435974121e-01 2.605230733752250671e-02
1.620000000000000000e+02 3.275552988052368164e+00 -2.142526817321777344e+01 1.181899337768554688e+02 6.170854568481445312e-01 2.261351346969604492e-01 -6.691613793373107910e-01 3.468306064605712891e-01
1.630000000000000000e+02 5.096941947937011719e+00 -2.253333282470703125e+01 1.164425201416015625e+02 5.408613681793212891e-01 3.460409045219421387e-01 -5.604382157325744629e-01 5.231000781059265137e-01
1.640000000000000000e+02 5.952158451080322266e+00 -2.198667907714843750e+01 1.146247558593750000e+02 1.000177934765815735e-01 7.244316339492797852e-01 -3.950585797429084778e-02 6.809071898460388184e-01
1.650000000000000000e+02 5.331581592559814453e+00 -1.989982986450195312e+01 1.145195846557617188e+02 -6.878196448087692261e-02 7.606164813041687012e-01 1.327605545520782471e-01 6.317485570907592773e-01
1.660000000000000000e+02 3.778464078903198242e+00 -1.954728507995605469e+01 1.162237091064453125e+02 -5.601194500923156738e-01 5.283843874931335449e-01 5.744343996047973633e-01 2.776711881160736084e-01
1.670000000000000000e+02 2.379209518432617188e+00 -1.975215339660644531e+01 1.142012939453125000e+02 -3.900442421436309814e-01 6.465132832527160645e-01 2.812049984931945801e-01 5.922920107841491699e-01
1.680000000000000000e+02 3.475749015808105469e+00 -2.025635910034179688e+01 1.226494064331054688e+02 -3.457176387310028076e-01 -4.624918699264526367e-01 -4.309847056865692139e-01 6.934210658073425293e-01
1.690000000000000000e+02 6.236997604370117188e+00 -1.923216438293457031e+01 1.224946212768554688e+02 -6.610569357872009277e-01 1.926821321249008179e-01 -7.131096720695495605e-01 1.317265480756759644e-01
1.700000000000000000e+02 3.092501163482666016e+00 -2.143415260314941406e+01 1.152993087768554688e+02 1.982199549674987793e-01 6.527287960052490234e-01 1.641350537538528442e-01 -7.125403285026550293e-01
1.710000000000000000e+02 4.618172645568847656e+00 -2.268032073974609375e+01 1.125488052368164062e+02 3.963887393474578857e-01 5.683160424232482910e-01 3.701708614826202393e-01 -6.187619566917419434e-01
1.720000000000000000e+02 5.824581146240234375e+00 -2.170275115966796875e+01 1.117171859741210938e+02 6.830984950065612793e-01 -8.140191435813903809e-02 7.210836410522460938e-01 -8.239300549030303955e-02
1.730000000000000000e+02 3.106809854507446289e+00 -2.130510520935058594e+01 1.121961441040039062e+02 3.289459645748138428e-01 6.776776313781738281e-01 3.108386397361755371e-01 -5.795919895172119141e-01
1.740000000000000000e+02 4.863183975219726562e+00 -2.011929512023925781e+01 1.116758422851562500e+02 -4.239374995231628418e-01 4.981862604618072510e-01 -5.626230239868164062e-01 -5.055124163627624512e-01
1.750000000000000000e+02 3.538932800292968750e+00 -2.029685211181640625e+01 1.124161529541015625e+02 -3.458180427551269531e-01 5.568621754646301270e-01 -4.929290711879730225e-01 -5.721322894096374512e-01
1.760000000000000000e+02 3.067649841308593750e+00 -2.029215812683105469e+01 1.098047256469726562e+02 -1.793205142021179199e-01 7.125176787376403809e-01 -3.864707946777343750e-01 -5.574971437454223633e-01
1.770000000000000000e+02 4.959136962890625000e+00 -2.215864562988281250e+01 1.088175659179687500e+02 4.549391865730285645e-01 3.543756008148193359e-01 8.125107884407043457e-01 -8.529061824083328247e-02
1.780000000000000000e+02 3.752002239227294922e+00 -2.160098457336425781e+01 1.083866348266601562e+02 2.571624815464019775e-01 6.416274309158325195e-01 2.814526259899139404e-01 -6.655570268630981445e-01
1.790000000000000000e+02 4.463589191436767578e+00 -2.047053337097167969e+01 1.088482818603515625e+02 -6.073733568191528320e-01 3.895104229450225830e-01 -5.870460271835327148e-01 -3.670915663242340088e-01
1.800000000000000000e+02 4.174361705780029297e+00 -2.081055068969726562e+01 1.062097930908203125e+02 -2.902238070964813232e-01 6.653665304183959961e-01 -3.403902053833007812e-01 -5.976554751396179199e-01
1.810000000000000000e+02 4.786657333374023438e+00 -2.189895057678222656e+01 1.062659454345703125e+02 4.533188641071319580e-01 5.682778954505920410e-01 -4.925848543643951416e-01 4.784583449363708496e-01
1.820000000000000000e+02 4.779988288879394531e+00 -2.126738357543945312e+01 1.036754531860351562e+02 3.122391700744628906e-01 7.933782339096069336e-01 -5.037934184074401855e-01 1.387440711259841919e-01
1.830000000000000000e+02 1.024508762359619141e+01 -1.337583827972412109e+01 1.320700073242187500e+02 -2.717989087104797363e-01 1.998291164636611938e-01 1.178981959819793701e-01 -9.339666366577148438e-01
1.840000000000000000e+02 9.658738136291503906e+00 -1.460100460052490234e+01 1.272416839599609375e+02 -5.152921676635742188e-01 3.027107417583465576e-01 -7.615751624107360840e-01 -2.506860196590423584e-01
1.850000000000000000e+02 8.065203666687011719e+00 -1.633292961120605469e+01 1.217291183471679688e+02 -3.814770281314849854e-01 3.999948501586914062e-01 -7.668235898017883301e-01 -3.262836039066314697e-01
1.860000000000000000e+02 7.099532127380371094e+00 -1.872647285461425781e+01 1.176154479980468750e+02 1.402122229337692261e-01 4.019719362258911133e-01 5.908346176147460938e-01 -6.853272914886474609e-01
1.870000000000000000e+02 1.049828052520751953e+01 -1.450468063354492188e+01 1.299251098632812500e+02 -6.588338017463684082e-01 2.034635283052921295e-02 -7.205145955085754395e-01 2.153665274381637573e-01
1.880000000000000000e+02 9.096452713012695312e+00 -1.391593647003173828e+01 1.300491333007812500e+02 -7.365298271179199219e-02 6.320415139198303223e-01 -3.985130786895751953e-01 -6.605195403099060059e-01
1.890000000000000000e+02 8.818885803222656250e+00 -1.544117832183837891e+01 1.281605224609375000e+02 -5.149077177047729492e-01 -4.606765210628509521e-01 -3.830471634864807129e-01 6.131247878074645996e-01
1.900000000000000000e+02 7.584659576416015625e+00 -1.548526191711425781e+01 1.254363250732421875e+02 7.189072668552398682e-02 -6.606901288032531738e-01 3.074970245361328125e-01 6.810035705566406250e-01
1.910000000000000000e+02 8.900621414184570312e+00 -1.619590950012207031e+01 1.250014572143554688e+02 -3.856796920299530029e-01 -8.051092028617858887e-01 6.298029422760009766e-02 -4.461881518363952637e-01
1.920000000000000000e+02 7.099833965301513672e+00 -1.744547271728515625e+01 1.226888580322265625e+02 3.468644917011260986e-01 4.996668100357055664e-01 8.685321360826492310e-02 -7.889705896377563477e-01
1.930000000000000000e+02 6.913315296173095703e+00 -1.841260719299316406e+01 1.200467224121093750e+02 5.425018072128295898e-01 3.418808281421661377e-01 5.324832201004028320e-01 -5.525132417678833008e-01
1.940000000000000000e+02 6.863849163055419922e+00 -1.758350372314453125e+01 1.251774215698242188e+02 7.612869739532470703e-01 5.683233737945556641e-01 2.932028472423553467e-01 1.071575731039047241e-01
1.950000000000000000e+02 5.068489551544189453e+00 -2.254852294921875000e+01 1.070307617187500000e+02 3.069470822811126709e-01 7.250223159790039062e-01 5.214224457740783691e-01 -3.290056586265563965e-01
1.960000000000000000e+02 5.935207843780517578e+00 -1.875047111511230469e+01 1.053308563232421875e+02 4.850169122219085693e-01 -3.353896141052246094e-01 8.019010424613952637e-01 9.605792909860610962e-02
1.970000000000000000e+02 6.575965881347656250e+00 -1.932521057128906250e+01 1.077570419311523438e+02 7.318323254585266113e-01 3.559389114379882812e-01 5.652344822883605957e-01 1.350514292716979980e-01
1.980000000000000000e+02 6.036340236663818359e+00 -2.061841583251953125e+01 1.061928939819335938e+02 6.748762726783752441e-01 5.739746242761611938e-02 7.181776762008666992e-01 -1.595883369445800781e-01
1.990000000000000000e+02 5.951209545135498047e+00 -1.918822097778320312e+01 1.190178604125976562e+02 5.758323073387145996e-01 4.073515236377716064e-01 4.711965620517730713e-01 -5.295806527137756348e-01
2.000000000000000000e+02 5.376853942871093750e+00 -2.068322944641113281e+01 1.133712921142578125e+02 3.436753153800964355e-01 5.976812839508056641e-01 1.311569809913635254e-01 -7.123638391494750977e-01
2.010000000000000000e+02 6.907557964324951172e+00 -1.777769851684570312e+01 1.213883743286132812e+02 6.631954908370971680e-01 8.742786198854446411e-02 7.288761138916015625e-01 -1.458345353603363037e-01
2.020000000000000000e+02 5.922292232513427734e+00 -1.773639297485351562e+01 1.214844512939453125e+02 1.080057770013809204e-01 6.475062966346740723e-01 -2.182883955538272858e-02 -7.540516257286071777e-01
2.030000000000000000e+02 6.085151195526123047e+00 -1.676927947998046875e+01 1.185640640258789062e+02 -5.524085760116577148e-01 5.191215276718139648e-01 4.902901947498321533e-01 4.300850033760070801e-01
2.040000000000000000e+02 6.506134986877441406e+00 -1.876021194458007812e+01 1.154413757324218750e+02 6.787363290786743164e-01 1.291585713624954224e-01 6.948334574699401855e-01 -1.996032744646072388e-01
2.050000000000000000e+02 5.107923984527587891e+00 -1.810088157653808594e+01 1.155649566650390625e+02 1.833738237619400024e-01 6.389111876487731934e-01 7.903613150119781494e-02 -7.429130673408508301e-01
2.060000000000000000e+02 4.868971824645996094e+00 -1.770604133605957031e+01 1.122530059814453125e+02 2.321229130029678345e-02 6.597809195518493652e-01 -2.373175472021102905e-01 -7.126224040985107422e-01
2.070000000000000000e+02 6.186151981353759766e+00 -1.709464836120605469e+01 1.124310455322265625e+02 -5.080017447471618652e-01 3.080397248268127441e-01 -6.748854517936706543e-01 -4.376932382583618164e-01
2.080000000000000000e+02 6.411562442779541016e+00 -1.906932449340820312e+01 1.116384811401367188e+02 -7.112459540367126465e-01 -3.679563850164413452e-02 -6.932063698768615723e-01 1.106357276439666748e-01
2.090000000000000000e+02 5.574723720550537109e+00 -2.020193290710449219e+01 1.096192016601562500e+02 -7.008593678474426270e-01 -7.934787124395370483e-02 -6.927078366279602051e-01 1.505188047885894775e-01
2.100000000000000000e+02 6.284620761871337891e+00 -1.765043067932128906e+01 1.092795410156250000e+02 -6.599776744842529297e-01 2.137867957353591919e-01 -7.045745253562927246e-01 -1.493298709392547607e-01
2.110000000000000000e+02 5.054792881011962891e+00 -1.806900978088378906e+01 1.072797470092773438e+02 -7.931526750326156616e-02 6.877533793449401855e-01 -3.090839982032775879e-01 -6.520517468452453613e-01
2.120000000000000000e+02 4.724674224853515625e+00 -1.945363044738769531e+01 1.091767501831054688e+02 1.765417903661727905e-01 6.857296824455261230e-01 -5.965462699532508850e-02 -7.035972476005554199e-01
2.130000000000000000e+02 4.782744884490966797e+00 -2.063117790222167969e+01 1.051478729248046875e+02 3.660135343670845032e-02 6.921315193176269531e-01 1.953338645398616791e-02 -7.205780148506164551e-01
2.140000000000000000e+02 5.354351520538330078e+00 -2.022865104675292969e+01 1.029780654907226562e+02 2.825489640235900879e-01 8.400904536247253418e-01 3.347873389720916748e-01 3.198929727077484131e-01
2.150000000000000000e+02 5.140486240386962891e+00 -2.181214141845703125e+01 1.046264419555664062e+02 4.288066029548645020e-01 5.159564018249511719e-01 6.918515563011169434e-01 -2.669369280338287354e-01
2.160000000000000000e+02 1.025268554687500000e+01 -1.378637409210205078e+01 1.324180603027343750e+02 -5.921322107315063477e-02 -8.036956191062927246e-02 6.191430687904357910e-01 7.789071798324584961e-01
2.170000000000000000e+02 9.879799842834472656e+00 -1.521848773956298828e+01 1.306787567138671875e+02 -4.090788066387176514e-01 3.318579494953155518e-01 1.381577402353286743e-01 8.387116789817810059e-01
2.180000000000000000e+02 9.101822853088378906e+00 -1.624756431579589844e+01 1.289457397460937500e+02 -3.259316384792327881e-01 3.218658268451690674e-01 1.591283380985260010e-01 8.745565414428710938e-01
2.190000000000000000e+02 8.907750129699707031e+00 -1.673408699035644531e+01 1.264472808837890625e+02 -2.005776911973953247e-01 7.533669471740722656e-03 6.942579057067632675e-04 9.796485900878906250e-01
2.200000000000000000e+02 9.450885772705078125e+00 -1.609120750427246094e+01 1.232614669799804688e+02 -3.179441690444946289e-01 5.652040243148803711e-01 4.295505285263061523e-01 6.284443140029907227e-01
2.210000000000000000e+02 8.273344039916992188e+00 -1.780058097839355469e+01 1.241875991821289062e+02 4.653804600238800049e-01 4.233310818672180176e-01 1.794730573892593384e-01 -7.563076615333557129e-01
2.220000000000000000e+02 9.829332351684570312e+00 -1.791884231567382812e+01 1.224316101074218750e+02 6.529011130332946777e-01 4.319125711917877197e-01 4.419032633304595947e-01 -4.380560815334320068e-01
2.230000000000000000e+02 1.067509269714355469e+01 -1.745157051086425781e+01 1.201828918457031250e+02 7.269488573074340820e-01 -2.254508286714553833e-01 6.423799395561218262e-01 8.980712294578552246e-02
2.240000000000000000e+02 9.247659683227539062e+00 -1.610748481750488281e+01 1.200823516845703125e+02 5.358893275260925293e-01 -5.506969690322875977e-01 5.017676949501037598e-01 3.972212076187133789e-01
2.250000000000000000e+02 8.174458503723144531e+00 -1.743785285949707031e+01 1.217332229614257812e+02 -1.665892265737056732e-02 -6.460434794425964355e-01 8.538206666707992554e-02 7.583272457122802734e-01
2.260000000000000000e+02 8.068704605102539062e+00 -1.681046676635742188e+01 1.196481475830078125e+02 -1.139919552952051163e-02 -6.694900989532470703e-01 9.409823268651962280e-02 7.367486357688903809e-01
2.270000000000000000e+02 8.172616004943847656e+00 -1.879186630249023438e+01 1.197547531127929688e+02 -4.155254960060119629e-01 -6.520081162452697754e-01 -3.567003011703491211e-01 5.243937969207763672e-01
2.280000000000000000e+02 9.649605751037597656e+00 -1.824626731872558594e+01 1.195004196166992188e+02 -6.696391105651855469e-01 -2.978674173355102539e-01 -5.777329802513122559e-01 3.592813313007354736e-01
2.290000000000000000e+02 1.055299091339111328e+01 -1.924127578735351562e+01 1.169177246093750000e+02 -6.264559626579284668e-01 -3.132337927818298340e-01 -5.819057822227478027e-01 4.133076667785644531e-01
2.300000000000000000e+02 1.067748832702636719e+01 -1.746499824523925781e+01 1.168580856323242188e+02 -6.738037467002868652e-01 2.040058672428131104e-01 -7.035700082778930664e-01 -9.674412757158279419e-02
2.310000000000000000e+02 8.951551437377929688e+00 -1.658683204650878906e+01 1.163847656250000000e+02 -3.775435388088226318e-01 5.891969799995422363e-01 -4.880169034004211426e-01 -5.216773748397827148e-01
2.320000000000000000e+02 7.743481159210205078e+00 -1.748052978515625000e+01 1.164887084960937500e+02 -8.776012063026428223e-02 6.867762804031372070e-01 -2.028327286243438721e-01 -6.924560666084289551e-01
2.330000000000000000e+02 8.017739295959472656e+00 -1.918085861206054688e+01 1.161704711914062500e+02 4.023310244083404541e-01 5.468921065330505371e-01 3.280709087848663330e-01 -6.568167209625244141e-01
2.340000000000000000e+02 9.366454124450683594e+00 -1.870530509948730469e+01 1.172525939941406250e+02 5.598889589309692383e-01 3.814666569232940674e-01 5.303903818130493164e-01 -5.096014142036437988e-01
2.350000000000000000e+02 1.026160717010498047e+01 -1.976321792602539062e+01 1.142367477416992188e+02 6.309430003166198730e-01 2.434346228837966919e-01 6.335635185241699219e-01 -3.758294284343719482e-01
2.360000000000000000e+02 1.049290370941162109e+01 -1.807229804992675781e+01 1.140878906250000000e+02 5.522689223289489746e-01 -2.363729476928710938e-01 7.723551988601684570e-01 2.063837647438049316e-01
2.370000000000000000e+02 8.991400718688964844e+00 -1.731768226623535156e+01 1.134095230102539062e+02 2.752791643142700195e-01 -6.133390069007873535e-01 5.812525153160095215e-01 4.584563374519348145e-01
2.380000000000000000e+02 8.403890609741210938e+00 -1.828598213195800781e+01 1.111607208251953125e+02 1.914607733488082886e-01 -7.303918004035949707e-01 3.948982954025268555e-01 5.233792662620544434e-01
2.390000000000000000e+02 8.071065902709960938e+00 -1.870700836181640625e+01 1.130934219360351562e+02 -1.923539638519287109e-01 -7.557088136672973633e-01 1.091627329587936401e-01 6.164314150810241699e-01
2.400000000000000000e+02 8.662981986999511719e+00 -1.939330863952636719e+01 1.092276763916015625e+02 1.728316992521286011e-01 -7.562162876129150391e-01 3.787094056606292725e-01 5.048220753669738770e-01
2.410000000000000000e+02 7.848865985870361328e+00 -1.974184989929199219e+01 1.115406494140625000e+02 3.138740314170718193e-03 -7.142522931098937988e-01 3.185571730136871338e-02 6.991559267044067383e-01
2.420000000000000000e+02 8.919213294982910156e+00 -1.998650550842285156e+01 1.105218887329101562e+02 -3.757675588130950928e-01 -5.212240815162658691e-01 -3.475795388221740723e-01 6.828709244728088379e-01
2.430000000000000000e+02 9.907024383544921875e+00 -2.027894401550292969e+01 1.118718795776367188e+02 -6.397061944007873535e-01 -9.139033406972885132e-02 -7.230883836746215820e-01 2.440634369850158691e-01
2.440000000000000000e+02 8.841862678527832031e+00 -1.940494728088378906e+01 1.134476699829101562e+02 5.422957539558410645e-01 4.049981534481048584e-01 5.137317776679992676e-01 -5.272300243377685547e-01
2.450000000000000000e+02 9.999420166015625000e+00 -1.875989151000976562e+01 1.113339157104492188e+02 5.858336687088012695e-01 -3.491862714290618896e-01 7.170169353485107422e-01 1.440646350383758545e-01
2.460000000000000000e+02 9.334918022155761719e+00 -2.103548240661621094e+01 1.090656051635742188e+02 5.910760164260864258e-01 2.456239759922027588e-01 6.349948644638061523e-01 -4.325269162654876709e-01
2.470000000000000000e+02 9.494143486022949219e+00 -1.980609512329101562e+01 1.090829467773437500e+02 5.463417172431945801e-01 -1.616322398185729980e-01 8.141283392906188965e-01 1.121640875935554504e-01
2.480000000000000000e+02 8.399307250976562500e+00 -2.041668701171875000e+01 1.077168197631835938e+02 -7.710485458374023438e-01 -1.171555668115615845e-01 6.044344902038574219e-01 -1.625352501869201660e-01
2.490000000000000000e+02 9.019831657409667969e+00 -2.089597129821777344e+01 1.070544815063476562e+02 -7.105099558830261230e-01 -3.235629796981811523e-01 5.355041623115539551e-01 -3.220526576042175293e-01
2.500000000000000000e+02 7.391362667083740234e+00 -1.402192211151123047e+01 1.330059661865234375e+02 3.138243407011032104e-02 -9.154781103134155273e-01 3.394176065921783447e-01 -2.138006389141082764e-01
2.510000000000000000e+02 8.628744125366210938e+00 -1.581489181518554688e+01 1.336629638671875000e+02 1.038776710629463196e-01 -8.605777621269226074e-01 4.936742782592773438e-01 -7.000729441642761230e-02
2.520000000000000000e+02 9.327312469482421875e+00 -1.732202720642089844e+01 1.327907409667968750e+02 3.995746076107025146e-01 -6.121357679367065430e-01 6.028128266334533691e-01 3.197602927684783936e-01
2.530000000000000000e+02 9.067517280578613281e+00 -1.773422241210937500e+01 1.299639892578125000e+02 4.848882257938385010e-01 -4.670349061489105225e-01 5.223861932754516602e-01 5.233301520347595215e-01
2.540000000000000000e+02 8.805799484252929688e+00 -1.775281906127929688e+01 1.267710037231445312e+02 7.139362692832946777e-01 -8.872149512171745300e-03 6.998713612556457520e-01 -1.990726217627525330e-02
2.550000000000000000e+02 9.844348907470703125e+00 -1.817519378662109375e+01 1.236308898925781250e+02 8.127462267875671387e-01 -5.960566923022270203e-02 5.788558721542358398e-01 2.857548929750919342e-02
2.560000000000000000e+02 8.500704765319824219e+00 -1.817576980590820312e+01 1.223093338012695312e+02 2.925240993499755859e-01 -6.451328992843627930e-01 3.672053813934326172e-01 6.028211712837219238e-01
2.570000000000000000e+02 8.566407203674316406e+00 -1.934710311889648438e+01 1.232031936645507812e+02 -1.205254048109054565e-01 -6.751950979232788086e-01 1.117709800601005554e-01 7.190914154052734375e-01
2.580000000000000000e+02 1.003256130218505859e+01 -2.014999580383300781e+01 1.217149429321289062e+02 -7.737825512886047363e-01 -9.151850640773773193e-02 -4.167588055133819580e-01 4.681847691535949707e-01
2.590000000000000000e+02 1.077709960937500000e+01 -1.935877609252929688e+01 1.193147277832031250e+02 -6.930633187294006348e-01 2.384862005710601807e-01 -6.758579015731811523e-01 7.748302817344665527e-02
2.600000000000000000e+02 9.581931114196777344e+00 -1.805680465698242188e+01 1.211462097167968750e+02 -5.377744436264038086e-01 5.025365352630615234e-01 -5.608795285224914551e-01 -3.790380358695983887e-01
2.610000000000000000e+02 8.335332870483398438e+00 -1.870556449890136719e+01 1.192644195556640625e+02 -3.171673119068145752e-01 6.568453907966613770e-01 -3.326849341392517090e-01 -5.977287888526916504e-01
2.620000000000000000e+02 8.180136680603027344e+00 -2.070918846130371094e+01 1.200371017456054688e+02 4.021157026290893555e-01 5.695723891258239746e-01 1.915074586868286133e-01 -6.908075809478759766e-01
2.630000000000000000e+02 9.695440292358398438e+00 -2.151956748962402344e+01 1.186684951782226562e+02 6.321134567260742188e-01 2.991304397583007812e-01 5.239657759666442871e-01 -4.862236082553863525e-01
2.640000000000000000e+02 1.080013084411621094e+01 -2.052170753479003906e+01 1.166605834960937500e+02 6.524690389633178711e-01 -2.161177396774291992e-01 7.245337963104248047e-01 -5.126449838280677795e-02
2.650000000000000000e+02 1.009220123291015625e+01 -1.897880935668945312e+01 1.168898696899414062e+02 6.059448122978210449e-01 -4.095989167690277100e-01 6.548566818237304688e-01 1.903216838836669922e-01
2.660000000000000000e+02 8.025242805480957031e+00 -1.929566574096679688e+01 1.154301757812500000e+02 -3.098008036613464355e-01 6.467210054397583008e-01 -2.757487893104553223e-01 -6.401078104972839355e-01
2.670000000000000000e+02 7.904936790466308594e+00 -2.018860054016113281e+01 1.175585250854492188e+02 -1.082196738570928574e-02 6.889207959175109863e-01 -1.218069642782211304e-01 -7.144467234611511230e-01
2.680000000000000000e+02 8.067105293273925781e+00 -2.205618286132812500e+01 1.155406875610351562e+02 3.574722409248352051e-01 6.120395660400390625e-01 2.727232575416564941e-01 -6.505714058876037598e-01
2.690000000000000000e+02 9.590552330017089844e+00 -2.210667037963867188e+01 1.136730270385742188e+02 6.155733466148376465e-01 3.571393787860870361e-01 6.118324398994445801e-01 -3.452273607254028320e-01
2.700000000000000000e+02 1.006087207794189453e+01 -1.984440994262695312e+01 1.135888824462890625e+02 5.970402359962463379e-01 -1.844108700752258301e-01 7.539900541305541992e-01 2.025698423385620117e-01
2.710000000000000000e+02 7.897861957550048828e+00 -1.990673637390136719e+01 1.120156173706054688e+02 1.956946402788162231e-01 -5.702516436576843262e-01 5.017363429069519043e-01 6.203042268753051758e-01
2.720000000000000000e+02 7.697637557983398438e+00 -2.177033233642578125e+01 1.122567443847656250e+02 -1.368914246559143066e-01 -6.571843624114990234e-01 1.059888973832130432e-01 7.335773706436157227e-01
2.730000000000000000e+02 8.848402023315429688e+00 -2.222251892089843750e+01 1.095163726806640625e+02 -5.992684364318847656e-01 -3.938367366790771484e-01 -6.727090477943420410e-01 1.822980195283889771e-01
2.740000000000000000e+02 9.283115386962890625e+00 -2.049689483642578125e+01 1.096563262939453125e+02 -7.225490212440490723e-01 5.084962025284767151e-02 -6.796113252639770508e-01 -1.160414442420005798e-01
2.750000000000000000e+02 7.843951225280761719e+00 -2.057700347900390625e+01 1.092004394531250000e+02 8.286181837320327759e-02 7.620235681533813477e-01 -1.800462789833545685e-02 -6.419733762741088867e-01
2.760000000000000000e+02 8.523187637329101562e+00 -2.065666770935058594e+01 1.063522949218750000e+02 -3.650536239147186279e-01 5.884178280830383301e-01 -4.907283782958984375e-01 -5.288534760475158691e-01
2.770000000000000000e+02 8.634829521179199219e+00 -2.194839286804199219e+01 1.044219131469726562e+02 5.221123099327087402e-01 4.633423984050750732e-01 6.018478274345397949e-01 -3.879326581954956055e-01
2.780000000000000000e+02 8.653397318725585938e+00 -2.143150473327636719e+01 1.027080402099609375e+02 3.943399190902709961e-01 -4.719218015670776367e-01 6.575751900672912598e-01 4.351789355278015137e-01
2.790000000000000000e+02 8.191140174865722656e+00 -2.270061492919921875e+01 1.018716888427734375e+02 -5.321571826934814453e-01 -4.710520207881927490e-01 -3.208393752574920654e-01 6.260837316513061523e-01
2.800000000000000000e+02 8.542139053344726562e+00 -2.281925010681152344e+01 9.964282226562500000e+01 -3.611662983894348145e-01 -6.589358448982238770e-01 -2.303155660629272461e-01 6.183180809020996094e-01
2.810000000000000000e+02 8.554220199584960938e+00 -1.922967720031738281e+01 1.215906753540039062e+02 -7.626703977584838867e-01 1.699416637420654297e-01 -6.206764578819274902e-01 6.491872668266296387e-02
2.820000000000000000e+02 7.395331859588623047e+00 -2.019584655761718750e+01 1.138861694335937500e+02 -7.459128499031066895e-01 7.825239002704620361e-02 6.563516855239868164e-01 -8.181099593639373779e-02
2.830000000000000000e+02 6.321412563323974609e+00 -2.077648353576660156e+01 1.171628112792968750e+02 -7.502968907356262207e-01 1.871296577155590057e-02 6.592373847961425781e-01 -4.593986272811889648e-02
2.840000000000000000e+02 7.560676097869873047e+00 -2.045135498046875000e+01 1.206229095458984375e+02 7.907290458679199219e-01 -4.964782893657684326e-01 -2.800287902355194092e-01 2.232504338026046753e-01
2.850000000000000000e+02 7.583485126495361328e+00 -1.880517387390136719e+01 1.187594299316406250e+02 7.828567624092102051e-01 -1.023653969168663025e-01 -6.130616664886474609e-01 -2.849541231989860535e-02
2.860000000000000000e+02 6.915839672088623047e+00 -1.872395133972167969e+01 1.158981246948242188e+02 7.649306058883666992e-01 -5.200306326150894165e-02 -6.418262720108032227e-01 1.535784453153610229e-02
2.870000000000000000e+02 7.409402847290039062e+00 -1.780120086669921875e+01 1.144555358886718750e+02 5.143047571182250977e-01 -6.455194354057312012e-01 -2.299480289220809937e-01 -5.156735181808471680e-01
2.880000000000000000e+02 6.136179924011230469e+00 -2.107648468017578125e+01 1.139793243408203125e+02 6.772240400314331055e-01 -2.068472355604171753e-01 -7.034079432487487793e-01 -6.163657084107398987e-02
2.890000000000000000e+02 6.864621162414550781e+00 -2.106421470642089844e+01 1.094856185913085938e+02 6.241698265075683594e-01 -3.736449480056762695e-01 -6.311096549034118652e-01 -2.692620456218719482e-01
2.900000000000000000e+02 6.381305217742919922e+00 -1.925631332397460938e+01 1.111687850952148438e+02 6.829112768173217773e-01 1.680164486169815063e-01 -6.579887866973876953e-01 2.691717445850372314e-01
2.910000000000000000e+02 6.916779518127441406e+00 -1.967410659790039062e+01 1.068063354492187500e+02 5.842389464378356934e-01 6.857239454984664917e-02 -8.026111721992492676e-01 9.888353943824768066e-02
2.920000000000000000e+02 7.658154964447021484e+00 -2.062657928466796875e+01 1.175050964355468750e+02 6.758702397346496582e-01 -4.245027005672454834e-01 -5.292969346046447754e-01 -2.878222465515136719e-01
2.930000000000000000e+02 7.508117198944091797e+00 -1.777505111694335938e+01 1.102313461303710938e+02 4.872250854969024658e-01 -5.231744647026062012e-01 -6.452519893646240234e-01 -2.693511843681335449e-01
2.940000000000000000e+02 8.183251380920410156e+00 -1.912225151062011719e+01 1.068414535522460938e+02 2.261881083250045776e-01 -6.790925860404968262e-01 -4.996728301048278809e-01 -4.878516495227813721e-01
2.950000000000000000e+02 7.152115345001220703e+00 -2.144988632202148438e+01 1.188936233520507812e+02 -5.354843735694885254e-01 -4.840670228004455566e-01 2.591539323329925537e-01 -6.416968703269958496e-01
2.960000000000000000e+02 6.741472721099853516e+00 -2.250429725646972656e+01 1.159475021362304688e+02 -6.299616694450378418e-01 -3.552531599998474121e-01 5.092177391052246094e-01 -4.665198922157287598e-01
2.970000000000000000e+02 7.704824447631835938e+00 -2.237907409667968750e+01 1.156030578613281250e+02 -1.294242739677429199e-01 -6.506744027137756348e-01 -8.901751041412353516e-02 -7.429320812225341797e-01
2.980000000000000000e+02 7.500352859497070312e+00 -2.122571372985839844e+01 1.149491271972656250e+02 3.740958869457244873e-03 -7.172690033912658691e-01 -2.330165654420852661e-01 -6.566691994667053223e-01
2.990000000000000000e+02 7.987909317016601562e+00 -1.915090179443359375e+01 1.161631469726562500e+02 -2.610306143760681152e-01 -7.392387986183166504e-01 2.642222046852111816e-01 -5.617612004280090332e-01
3.000000000000000000e+02 8.236010551452636719e+00 -1.964386749267578125e+01 1.187578201293945312e+02 -1.295525729656219482e-01 -7.370926141738891602e-01 1.324184685945510864e-01 -6.499045491218566895e-01
3.010000000000000000e+02 8.284304618835449219e+00 -1.861859703063964844e+01 1.119606933593750000e+02 -2.078214287757873535e-02 -6.261597275733947754e-01 4.297874122858047485e-02 -7.782319188117980957e-01
3.020000000000000000e+02 8.152638435363769531e+00 -2.244790077209472656e+01 1.114673080444335938e+02 8.369877934455871582e-02 -6.301931142807006836e-01 -8.622995018959045410e-02 -7.670825123786926270e-01
3.030000000000000000e+02 7.371270179748535156e+00 -2.080161476135253906e+01 1.110990982055664062e+02 -9.286075830459594727e-02 -6.991606354713439941e-01 1.103694066405296326e-01 -7.002641558647155762e-01
3.040000000000000000e+02 7.510555744171142578e+00 -2.318588638305664062e+01 1.129162750244140625e+02 -5.853013992309570312e-01 -3.057984411716461182e-01 5.694863200187683105e-01 -4.894843697547912598e-01
3.050000000000000000e+02 6.756666183471679688e+00 -2.233591270446777344e+01 1.115028610229492188e+02 -6.157884597778320312e-01 -3.977197408676147461e-02 7.724597454071044922e-01 -1.500955224037170410e-01
3.060000000000000000e+02 8.032645225524902344e+00 -2.348799133300781250e+01 1.088889999389648438e+02 -2.626181244850158691e-01 -4.907944798469543457e-01 5.224183797836303711e-01 -6.459345817565917969e-01
3.070000000000000000e+02 8.288015365600585938e+00 -2.209197807312011719e+01 1.086527709960937500e+02 2.740060091018676758e-01 -6.755883693695068359e-01 -7.728755474090576172e-03 -6.844277381896972656e-01
3.080000000000000000e+02 8.414344787597656250e+00 -2.133355331420898438e+01 1.058275756835937500e+02 5.282067880034446716e-02 -7.419772148132324219e-01 5.681019276380538940e-02 -6.659222245216369629e-01
3.090000000000000000e+02 8.511813163757324219e+00 -1.979944992065429688e+01 1.087524795532226562e+02 -2.134473323822021484e-01 -6.623569130897521973e-01 7.139525562524795532e-02 -7.145811915397644043e-01
3.100000000000000000e+02 8.274528503417968750e+00 -2.062481498718261719e+01 1.036974105834960938e+02 -4.711264669895172119e-01 4.906268119812011719e-01 -5.750834345817565918e-01 -4.545373916625976562e-01
3.110000000000000000e+02 7.249064445495605469e+00 -2.128227996826171875e+01 1.056235580444335938e+02 2.509077787399291992e-01 8.151134252548217773e-01 -3.578886985778808594e-01 -3.801986575126647949e-01
3.120000000000000000e+02 8.057326316833496094e+00 -2.260077667236328125e+01 1.034159393310546875e+02 4.542872905731201172e-01 5.044822692871093750e-01 4.999787211418151855e-01 -5.377191901206970215e-01
3.130000000000000000e+02 8.104424476623535156e+00 -2.164646148681640625e+01 1.011998596191406250e+02 6.453720927238464355e-01 -6.117243319749832153e-02 7.492650151252746582e-01 1.354797184467315674e-01
3.140000000000000000e+02 7.448705673217773438e+00 -2.202507781982421875e+01 1.013595809936523438e+02 -2.416357249021530151e-01 -6.380902528762817383e-01 -1.840054243803024292e-01 7.075273394584655762e-01
3.150000000000000000e+02 7.297019481658935547e+00 -2.097737884521484375e+01 1.012482299804687500e+02 3.771788254380226135e-02 -6.622519493103027344e-01 1.299282759428024292e-01 7.369656562805175781e-01
3.160000000000000000e+02 7.258450031280517578e+00 -2.142589759826660156e+01 9.974927520751953125e+01 4.260118305683135986e-01 -6.483577489852905273e-01 6.103832125663757324e-01 -1.599327325820922852e-01
3.170000000000000000e+02 5.881324291229248047e+00 -2.099454307556152344e+01 1.141312179565429688e+02 4.571499228477478027e-01 -5.740635991096496582e-01 5.380229353904724121e-01 4.147242903709411621e-01
3.180000000000000000e+02 5.735739707946777344e+00 -2.191868209838867188e+01 1.103329010009765625e+02 2.185816168785095215e-01 -6.945435404777526855e-01 3.307617306709289551e-01 6.003565788269042969e-01
3.190000000000000000e+02 6.561187744140625000e+00 -2.211604690551757812e+01 1.119164810180664062e+02 7.712178230285644531e-01 -2.058325707912445068e-01 6.019636392593383789e-01 -2.226622775197029114e-02
3.200000000000000000e+02 6.427289009094238281e+00 -2.339998626708984375e+01 1.097863540649414062e+02 6.780986785888671875e-01 5.159763693809509277e-01 2.115049809217453003e-01 -4.787653386592864990e-01
3.210000000000000000e+02 7.952438354492187500e+00 -2.344762611389160156e+01 1.080768051147460938e+02 7.857818007469177246e-01 -2.906768620014190674e-01 5.366997122764587402e-01 1.000366210937500000e-01
3.220000000000000000e+02 6.878178119659423828e+00 -2.244880485534667969e+01 1.092683486938476562e+02 7.263038754463195801e-01 -3.763816356658935547e-01 5.652052164077758789e-01 1.065955236554145813e-01
3.230000000000000000e+02 6.261813163757324219e+00 -2.375788307189941406e+01 1.076183013916015625e+02 1.350581198930740356e-01 -7.543391585350036621e-01 4.712449312210083008e-01 4.366462528705596924e-01
3.240000000000000000e+02 7.789773464202880859e+00 -2.301206016540527344e+01 1.054418563842773438e+02 7.682461738586425781e-01 -4.040162563323974609e-01 4.590769112110137939e-01 1.892538964748382568e-01
3.250000000000000000e+02 6.891211986541748047e+00 -2.501832008361816406e+01 1.048169555664062500e+02 9.217415936291217804e-03 -6.920037865638732910e-01 4.612983763217926025e-02 7.203595042228698730e-01
3.260000000000000000e+02 8.992970466613769531e+00 -2.346190643310546875e+01 1.059533691406250000e+02 -6.438670307397842407e-02 5.223827958106994629e-01 -1.130711808800697327e-01 8.427250385284423828e-01
3.270000000000000000e+02 7.652168750762939453e+00 -2.476522445678710938e+01 1.067569351196289062e+02 4.568132162094116211e-01 3.650771379470825195e-01 -4.104292690753936768e-01 6.997057795524597168e-01
3.280000000000000000e+02 8.562170028686523438e+00 -2.590308570861816406e+01 1.033592300415039062e+02 4.035108685493469238e-01 4.386875033378601074e-01 -3.845548331737518311e-01 7.048757672309875488e-01
3.290000000000000000e+02 9.929493904113769531e+00 -2.401252174377441406e+01 1.034570312500000000e+02 8.007770776748657227e-02 6.032533049583435059e-01 6.959581375122070312e-02 7.904615402221679688e-01
3.300000000000000000e+02 9.378211975097656250e+00 -2.283778381347656250e+01 1.027973632812500000e+02 -2.365227639675140381e-01 5.161703824996948242e-01 4.600832462310791016e-01 6.826041936874389648e-01
3.310000000000000000e+02 8.157305717468261719e+00 -2.420345306396484375e+01 1.023346099853515625e+02 -5.248918533325195312e-01 2.526440620422363281e-01 7.298699021339416504e-01 3.577002286911010742e-01
3.320000000000000000e+02 7.601804733276367188e+00 -2.617343139648437500e+01 1.008835067749023438e+02 -6.511574983596801758e-01 -2.367569357156753540e-01 6.877930760383605957e-01 -2.165197432041168213e-01
3.330000000000000000e+02 9.764870643615722656e+00 -2.642081260681152344e+01 9.992109680175781250e+01 -5.183764100074768066e-01 -4.877080917358398438e-01 4.797738194465637207e-01 -5.130728483200073242e-01
3.340000000000000000e+02 1.092414569854736328e+01 -2.472311019897460938e+01 9.929956054687500000e+01 -4.834055900573730469e-02 -6.566131711006164551e-01 -1.107130125164985657e-01 -7.444897294044494629e-01
3.350000000000000000e+02 1.019482803344726562e+01 -2.315729904174804688e+01 9.991069793701171875e+01 3.285099864006042480e-01 -5.691993832588195801e-01 -5.093519687652587891e-01 -5.555661916732788086e-01
3.360000000000000000e+02 9.523524284362792969e+00 -2.485101509094238281e+01 9.827167510986328125e+01 5.320435166358947754e-01 -3.841144740581512451e-01 -6.990280151367187500e-01 -2.841577231884002686e-01
3.370000000000000000e+02 8.134756088256835938e+00 -2.592391014099121094e+01 9.837242889404296875e+01 6.581325531005859375e-01 -6.487253308296203613e-02 -7.434092164039611816e-01 9.997936338186264038e-02
3.380000000000000000e+02 9.147947311401367188e+00 -2.685559654235839844e+01 9.650170135498046875e+01 4.765667915344238281e-01 3.567585349082946777e-01 -5.999164581298828125e-01 5.345163345336914062e-01
3.390000000000000000e+02 1.081453704833984375e+01 -2.564738082885742188e+01 9.639521026611328125e+01 1.229721005074679852e-03 6.776195168495178223e-01 -1.935732215642929077e-01 7.094784379005432129e-01
3.400000000000000000e+02 1.048434352874755859e+01 -2.455103874206542969e+01 9.575904083251953125e+01 -4.212888479232788086e-01 6.469894051551818848e-01 3.952564001083374023e-01 4.976874887943267822e-01
3.410000000000000000e+02 9.641400337219238281e+00 -2.564580345153808594e+01 9.418073272705078125e+01 -6.432414650917053223e-01 3.776882886886596680e-01 6.578687429428100586e-01 1.039261966943740845e-01
3.420000000000000000e+02 8.477177619934082031e+00 -2.648603630065917969e+01 9.534142303466796875e+01 -5.824496746063232422e-01 -7.008744776248931885e-02 7.344443202018737793e-01 -3.412207365036010742e-01
3.430000000000000000e+02 9.277899742126464844e+00 -2.684012413024902344e+01 9.247583770751953125e+01 -4.569400846958160400e-01 -2.468456476926803589e-01 6.964944601058959961e-01 -4.951448738574981689e-01
3.440000000000000000e+02 1.039476299285888672e+01 -2.620554161071777344e+01 9.186572265625000000e+01 -1.991038620471954346e-01 -5.990136265754699707e-01 3.563944697380065918e-01 -6.888565421104431152e-01
3.450000000000000000e+02 9.728775024414062500e+00 -2.615901756286621094e+01 9.080422973632812500e+01 -6.309437751770019531e-01 2.244706451892852783e-01 7.103785872459411621e-01 2.165297865867614746e-01
3.460000000000000000e+02 1.019837093353271484e+01 -2.634643363952636719e+01 8.841185760498046875e+01 8.132885396480560303e-02 -3.483552336692810059e-01 8.732773661613464355e-01 -3.307882547378540039e-01
3.470000000000000000e+02 1.086640930175781250e+01 -2.673504829406738281e+01 8.517761230468750000e+01 -3.631624579429626465e-01 -8.220634609460830688e-02 2.194504588842391968e-01 9.017741680145263672e-01
3.480000000000000000e+02 1.186277675628662109e+01 -2.780717277526855469e+01 8.169895935058593750e+01 -2.048276513814926147e-01 2.284785918891429901e-02 7.023051381111145020e-01 6.813890933990478516e-01
3.490000000000000000e+02 7.527653217315673828e+00 -2.081320190429687500e+01 1.020785751342773438e+02 -5.356500744819641113e-01 -3.023966550827026367e-01 3.512161970138549805e-01 7.058912515640258789e-01
3.500000000000000000e+02 8.991864204406738281e+00 -2.316090583801269531e+01 9.979071807861328125e+01 -4.499748051166534424e-01 -7.146465182304382324e-01 2.121286839246749878e-02 5.351196527481079102e-01
3.510000000000000000e+02 9.243037223815917969e+00 -2.243742179870605469e+01 9.869388580322265625e+01 3.230322301387786865e-01 -7.484962940216064453e-01 4.738001227378845215e-01 3.330418765544891357e-01
3.520000000000000000e+02 9.256143569946289062e+00 -2.476907730102539062e+01 9.574259948730468750e+01 1.946647316217422485e-01 -7.535561919212341309e-01 3.342081010341644287e-01 5.315672159194946289e-01
3.530000000000000000e+02 9.060777664184570312e+00 -2.531291580200195312e+01 9.658958435058593750e+01 -4.505043029785156250e-01 -5.333992838859558105e-01 -2.541210949420928955e-01 6.692933440208435059e-01
3.540000000000000000e+02 8.708864212036132812e+00 -2.555137825012207031e+01 9.335546112060546875e+01 6.217095255851745605e-02 2.348703593015670776e-01 -6.718842983245849609e-01 6.996729373931884766e-01
3.550000000000000000e+02 9.785681724548339844e+00 -2.402076339721679688e+01 9.778837585449218750e+01 2.603943645954132080e-01 7.216085195541381836e-01 -5.889927037060260773e-03 6.414368152618408203e-01
3.560000000000000000e+02 8.720860481262207031e+00 -2.181538963317871094e+01 1.007349853515625000e+02 2.324601113796234131e-01 4.779331386089324951e-01 9.327644854784011841e-02 8.419274091720581055e-01
3.570000000000000000e+02 8.773149490356445312e+00 -2.385520935058593750e+01 1.004214019775390625e+02 -5.227404236793518066e-01 5.116653442382812500e-01 5.303303599357604980e-01 4.285915493965148926e-01
3.580000000000000000e+02 7.160594463348388672e+00 -2.369011878967285156e+01 1.013879699707031250e+02 -3.452648222446441650e-01 6.271975636482238770e-01 2.908759415149688721e-01 6.346704959869384766e-01
3.590000000000000000e+02 6.329404354095458984e+00 -2.402520942687988281e+01 1.029244537353515625e+02 -2.333072125911712646e-01 5.788639187812805176e-01 7.649730145931243896e-02 7.775811553001403809e-01
3.600000000000000000e+02 6.240889072418212891e+00 -2.282348823547363281e+01 1.022131958007812500e+02 -2.642475962638854980e-01 5.331562757492065430e-01 1.042309552431106567e-01 7.969024181365966797e-01
3.610000000000000000e+02 5.911394596099853516e+00 -2.387767028808593750e+01 1.050377960205078125e+02 -2.352075129747390747e-01 6.482746005058288574e-01 1.247456520795822144e-01 7.133414149284362793e-01
3.620000000000000000e+02 6.442179203033447266e+00 -2.244903945922851562e+01 1.003338317871093750e+02 -4.931327402591705322e-01 5.780650973320007324e-01 5.055665373802185059e-01 4.087338447570800781e-01
3.630000000000000000e+02 6.986669540405273438e+00 -2.442882728576660156e+01 1.003666839599609375e+02 -5.359676480293273926e-01 -4.386352747678756714e-02 7.608460187911987305e-01 -3.632189929485321045e-01
3.640000000000000000e+02 8.646193504333496094e+00 -2.461771583557128906e+01 9.687639617919921875e+01 -5.664583444595336914e-01 4.340592920780181885e-01 6.446224451065063477e-01 2.741886079311370850e-01
3.650000000000000000e+02 7.303999900817871094e+00 -2.316423797607421875e+01 9.729093170166015625e+01 -4.277236387133598328e-02 5.660766363143920898e-01 1.809602379798889160e-01 8.031072020530700684e-01
3.660000000000000000e+02 7.473944664001464844e+00 -2.415488243103027344e+01 9.867354583740234375e+01 -5.644911155104637146e-02 6.018899679183959961e-01 2.145290672779083252e-01 7.671501040458679199e-01
3.670000000000000000e+02 7.323174476623535156e+00 -2.457782745361328125e+01 9.761374664306640625e+01 -5.124039649963378906e-01 -1.596539840102195740e-02 6.947235465049743652e-01 -5.045259594917297363e-01
3.680000000000000000e+02 7.448934078216552734e+00 -2.418605995178222656e+01 9.558370971679687500e+01 -5.842717289924621582e-01 1.999076306819915771e-01 7.345040440559387207e-01 -2.813667356967926025e-01
3.690000000000000000e+02 8.100155830383300781e+00 -2.520480728149414062e+01 9.419649505615234375e+01 -3.589239716529846191e-01 6.720034480094909668e-01 3.231852054595947266e-01 5.613699555397033691e-01
3.700000000000000000e+02 5.251117229461669922e+00 -1.994034957885742188e+01 1.036020126342773438e+02 -5.901811718940734863e-01 -3.666887879371643066e-01 4.558032453060150146e-01 -5.562993288040161133e-01
3.710000000000000000e+02 5.851272583007812500e+00 -2.093434715270996094e+01 1.011488723754882812e+02 -2.243385612964630127e-01 -5.618769526481628418e-01 3.880552249029278755e-03 -7.962106466293334961e-01
3.720000000000000000e+02 5.193962574005126953e+00 -2.086763191223144531e+01 1.007631072998046875e+02 -5.943194627761840820e-01 5.030523519963026047e-03 7.957858443260192871e-01 -1.161204949021339417e-01
3.730000000000000000e+02 6.147286415100097656e+00 -1.915365219116210938e+01 1.011752166748046875e+02 -4.744171500205993652e-01 5.120239257812500000e-01 4.065681695938110352e-01 5.894592404365539551e-01
3.740000000000000000e+02 7.185309410095214844e+00 -1.928058815002441406e+01 9.710840606689453125e+01 -3.418473899364471436e-01 6.411204338073730469e-01 3.608568310737609863e-01 5.847112536430358887e-01
3.750000000000000000e+02 8.133981704711914062e+00 -2.029424095153808594e+01 9.267382812500000000e+01 -1.143016219139099121e-01 6.213413476943969727e-01 4.123725369572639465e-02 7.740604281425476074e-01
3.760000000000000000e+02 9.603404045104980469e+00 -2.139689826965332031e+01 8.824726867675781250e+01 -4.869749248027801514e-01 5.617517828941345215e-01 5.839870572090148926e-01 3.259592354297637939e-01
3.770000000000000000e+02 1.132745456695556641e+01 -2.260056877136230469e+01 8.371766662597656250e+01 -4.495416581630706787e-01 5.960318446159362793e-01 5.070834159851074219e-01 4.307258725166320801e-01
3.780000000000000000e+02 6.893215656280517578e+00 -2.157541084289550781e+01 9.741073608398437500e+01 5.776683986186981201e-02 5.703551769256591797e-01 -1.622535437345504761e-01 8.031386733055114746e-01
3.790000000000000000e+02 6.283343315124511719e+00 -2.086072731018066406e+01 9.686454010009765625e+01 5.610129833221435547e-01 -5.068852007389068604e-02 -7.959661483764648438e-01 2.216596156358718872e-01
3.800000000000000000e+02 8.021630287170410156e+00 -2.205442810058593750e+01 9.273454284667968750e+01 1.286962777376174927e-01 5.003818273544311523e-01 -3.288704454898834229e-01 7.905058860778808594e-01
3.810000000000000000e+02 8.851109504699707031e+00 -2.215737724304199219e+01 8.934488677978515625e+01 2.659852802753448486e-01 4.104566872119903564e-01 -5.075293779373168945e-01 7.093595862388610840e-01
3.820000000000000000e+02 1.028742218017578125e+01 -2.249620056152343750e+01 8.568933105468750000e+01 1.991808414459228516e-01 4.395996630191802979e-01 -3.748426735401153564e-01 7.915630936622619629e-01
3.830000000000000000e+02 7.116257667541503906e+00 -1.915707778930664062e+01 1.060176010131835938e+02 4.815673530101776123e-01 6.974432617425918579e-02 -8.618676662445068359e-01 1.428730189800262451e-01
3.840000000000000000e+02 8.301054954528808594e+00 -1.995356369018554688e+01 1.044329071044921875e+02 6.927353739738464355e-01 1.749939285218715668e-02 -7.083700895309448242e-01 1.342508494853973389e-01
3.850000000000000000e+02 9.078454017639160156e+00 -2.176672935485839844e+01 1.032805557250976562e+02 5.709069967269897461e-01 2.281005531549453735e-01 -3.575492799282073975e-01 7.029892206192016602e-01
3.860000000000000000e+02 8.806722640991210938e+00 -1.987131309509277344e+01 1.042242202758789062e+02 2.666503190994262695e-02 4.886695742607116699e-01 5.293864011764526367e-01 6.929942965507507324e-01
3.870000000000000000e+02 9.235696792602539062e+00 -2.062844657897949219e+01 1.022080841064453125e+02 -9.898943826556205750e-03 4.950374960899353027e-01 5.853568315505981445e-01 6.420259475708007812e-01
3.880000000000000000e+02 8.765217781066894531e+00 -2.200891876220703125e+01 1.013497238159179688e+02 -4.846181273460388184e-01 3.168246746063232422e-01 8.120115399360656738e-01 -7.351645082235336304e-02
3.890000000000000000e+02 9.349019050598144531e+00 -2.417380142211914062e+01 1.001043243408203125e+02 -5.212578773498535156e-01 -1.759845614433288574e-01 4.767176210880279541e-01 -6.856092214584350586e-01
3.900000000000000000e+02 9.403840065002441406e+00 -2.452521896362304688e+01 9.825126647949218750e+01 -6.179991364479064941e-01 4.856984913349151611e-01 5.950002074241638184e-01 -1.677760481834411621e-01
3.910000000000000000e+02 9.683127403259277344e+00 -2.212764167785644531e+01 9.956010437011718750e+01 -5.241370201110839844e-01 4.664025008678436279e-01 6.762102246284484863e-01 -2.246971577405929565e-01
3.920000000000000000e+02 9.408818244934082031e+00 -2.481752204895019531e+01 9.513518524169921875e+01 -6.984882354736328125e-01 4.127216041088104248e-01 5.326511859893798828e-01 -2.409518659114837646e-01
3.930000000000000000e+02 8.386514663696289062e+00 -2.529665756225585938e+01 9.497336578369140625e+01 -6.992568969726562500e-01 -1.129943504929542542e-01 6.919242739677429199e-01 -1.396885812282562256e-01
3.940000000000000000e+02 8.589689254760742188e+00 -2.557646560668945312e+01 9.246707153320312500e+01 -3.594277203083038330e-01 6.170216202735900879e-01 3.645546138286590576e-01 5.976586937904357910e-01
3.950000000000000000e+02 9.017255783081054688e+00 -2.542038536071777344e+01 9.623297882080078125e+01 -3.250258862972259521e-01 6.766642928123474121e-01 4.153186082839965820e-01 5.138035416603088379e-01
3.960000000000000000e+02 1.003345870971679688e+01 -2.335523986816406250e+01 9.741214752197265625e+01 -3.150862157344818115e-01 7.176397442817687988e-01 5.083296895027160645e-01 3.568120002746582031e-01
3.970000000000000000e+02 1.003292369842529297e+01 -2.457707977294921875e+01 9.768416595458984375e+01 2.433533370494842529e-01 7.048412561416625977e-01 8.829571306705474854e-02 6.604406237602233887e-01
3.980000000000000000e+02 9.945096015930175781e+00 -2.261602020263671875e+01 1.008585128784179688e+02 1.903858631849288940e-01 6.136416196823120117e-01 1.574051529169082642e-01 7.499472498893737793e-01
3.990000000000000000e+02 6.392167091369628906e+00 -2.202021789550781250e+01 9.661100769042968750e+01 1.405537128448486328e-02 5.599220991134643555e-01 -8.759846910834312439e-03 8.283796906471252441e-01
4.000000000000000000e+02 4.985435485839843750e+00 -2.247919464111328125e+01 1.000265502929687500e+02 -8.588053286075592041e-02 6.397975683212280273e-01 1.359118670225143433e-01 7.515394687652587891e-01
4.010000000000000000e+02 5.591380119323730469e+00 -2.110510635375976562e+01 1.000348434448242188e+02 3.532131612300872803e-01 3.705951869487762451e-01 -4.355612397193908691e-01 7.403959035873413086e-01
4.020000000000000000e+02 4.640104293823242188e+00 -2.073269271850585938e+01 1.027527236938476562e+02 9.718275070190429688e-02 5.898603796958923340e-01 -1.341583430767059326e-01 7.903301715850830078e-01
4.030000000000000000e+02 5.216337680816650391e+00 -2.199757766723632812e+01 1.020805511474609375e+02 5.980724934488534927e-03 6.966374516487121582e-01 -4.853181540966033936e-02 7.157549262046813965e-01
4.040000000000000000e+02 4.990984916687011719e+00 -2.204465103149414062e+01 1.047665557861328125e+02 -2.666128575801849365e-01 6.727964282035827637e-01 2.326370626688003540e-01 6.497249603271484375e-01
4.050000000000000000e+02 5.022535324096679688e+00 -2.275229454040527344e+01 1.055235137939453125e+02 5.956553816795349121e-01 5.796038508415222168e-01 -4.836104810237884521e-01 2.745449244976043701e-01
4.060000000000000000e+02 4.872318267822265625e+00 -2.286007690429687500e+01 1.023833084106445312e+02 4.159217774868011475e-01 6.395980119705200195e-01 -4.168331623077392578e-01 4.941392242908477783e-01
4.070000000000000000e+02 4.280563354492187500e+00 -2.159503746032714844e+01 1.011428375244140625e+02 5.904237031936645508e-01 2.285539172589778900e-02 -7.919463515281677246e-01 -1.539428681135177612e-01
4.080000000000000000e+02 5.841536045074462891e+00 -2.220647430419921875e+01 9.797437286376953125e+01 1.190810054540634155e-01 6.346974968910217285e-01 6.697218865156173706e-02 7.605875730514526367e-01
4.090000000000000000e+02 5.039626598358154297e+00 -2.182177734375000000e+01 9.865558624267578125e+01 -5.121803283691406250e-01 1.222057864069938660e-01 8.189706802368164062e-01 2.280878275632858276e-01
4.100000000000000000e+02 4.381210327148437500e+00 -2.207047080993652344e+01 1.034464340209960938e+02 7.613762021064758301e-01 9.500852972269058228e-02 -6.341412067413330078e-01 -9.562735259532928467e-02
