6
0 2 1 5 6 3 4
1 2 0 6 3 4 5
2 0 1 5 6 3 4
3 4 6 5 1 11 2
4 3 6 11 5 1 2
5 6 3 4 2 1 0
6 5 4 3 1 2 11
7 8 11 10 9 18 12
8 10 7 9 11 12 3
9 10 18 11 7 8 12
10 8 9 7 18 11 12
11 7 4 9 3 6 10
12 17 15 18 10 7 8
13 14 15 12 10 23 17
14 13 17 19 18 15 12
15 13 20 12 24 14 16
16 19 17 20 15 12 14
17 18 12 16 14 19 15
18 9 17 12 7 14 10
19 16 22 14 17 20 27
20 24 15 16 19 26 23
21 26 32 36 24 27 28
22 23 19 28 24 27 20
23 24 22 28 20 21 13
24 20 23 22 21 15 26
25 36 31 28 29 21 30
26 27 21 32 20 24 19
27 26 28 22 21 32 19
28 25 27 22 31 23 36
29 31 36 42 25 30 33
30 33 36 34 32 31 29
31 36 25 33 29 28 30
32 33 30 36 21 31 26
33 30 34 31 32 36 29
34 37 35 33 30 39 42
35 37 42 34 39 38 29
36 31 25 30 32 29 33
37 35 39 34 42 40 38
38 41 42 39 40 35 37
39 37 40 35 38 41 42
40 41 39 38 37 35 42
41 40 38 39 42 37 35
42 35 38 37 29 39 34
43 55 44 56 50 54 51
44 43 46 54 51 53 50
45 46 52 53 44 54 51
46 45 44 53 52 54 51
47 48 73 65 71 49 66
48 73 72 47 66 67 71
49 48 47 72 73 67 66
50 55 56 43 51 57 64
51 54 50 53 59 58 55
52 53 54 46 45 51 60
53 52 51 54 46 59 45
54 51 53 44 52 55 43
55 50 56 43 51 54 62
56 50 55 43 64 63 57
57 64 63 58 62 66 50
58 59 57 61 60 66 51
59 60 58 61 51 53 67
60 59 61 58 51 53 52
61 60 58 59 62 51 68
62 57 63 58 61 64 70
63 64 57 62 71 70 50
64 63 57 71 65 50 62
65 71 66 47 64 57 70
66 67 70 69 71 68 48
67 68 66 69 58 48 72
68 67 69 66 72 58 70
69 68 70 66 67 72 48
70 71 66 69 73 48 57
71 70 65 66 73 64 48
72 48 73 69 68 49 66
73 48 72 47 71 70 66
74 75 82 78 76 77 81
75 76 74 81 82 78 79
76 75 81 80 79 74 82
77 78 82 85 87 84 74
78 82 77 79 81 84 75
79 81 80 78 83 82 84
80 79 81 83 76 88 89
81 79 82 78 80 75 76
82 78 81 77 79 75 84
83 88 84 79 89 80 81
84 83 87 78 79 85 88
85 87 86 84 77 92 78
86 90 87 85 93 92 88
87 85 86 84 88 90 78
88 83 89 90 87 92 84
89 88 83 95 91 90 80
90 86 95 88 92 87 93
91 95 99 92 96 90 89
92 90 91 88 87 86 84
93 99 94 86 90 92 95
94 102 93 100 99 98 90
95 91 96 90 97 103 99
96 97 103 95 102 91 101
97 103 102 96 99 101 98
98 100 102 101 97 103 94
99 93 97 103 91 95 102
100 98 102 101 94 104 97
101 102 98 100 97 103 104
102 97 103 101 96 98 100
103 103 102 96 99 101 98
104 101 100 98 102 97 103
105 106 110 114 109 107 118
106 110 114 107 105 118 109
107 118 108 106 113 110 114
108 111 113 107 112 118 116
109 114 110 116 121 105 115
110 114 106 118 109 116 107
111 113 108 112 118 116 117
112 119 111 108 113 120 117
113 111 118 108 116 121 107
114 110 109 106 118 116 113
115 121 116 126 117 109 122
116 121 115 113 118 117 114
117 126 120 129 119 116 121
118 113 107 110 111 116 114
119 120 112 129 117 124 111
120 119 129 117 122 124 126
121 116 115 113 117 114 109
122 126 129 125 120 127 117
123 128 130 127 129 122 124
124 129 119 120 128 123 122
125 127 126 122 123 129 133
126 122 117 125 115 129 127
127 125 123 128 126 122 133
128 123 130 129 127 124 133
129 120 124 122 128 119 117
130 128 123 132 131 133 124
131 137 133 138 132 134 135
132 133 135 130 131 123 137
133 135 131 132 127 138 137
134 138 137 139 131 136 135
135 133 132 138 134 131 127
136 140 139 141 138 134 137
137 131 134 138 132 136 139
138 134 131 136 137 135 133
139 140 136 141 134 138 137
140 136 139 141 138 142 134
141 140 142 139 136 138 134
142 141 140 139 136 134 138
143 158 157 144 147 145 146
144 147 145 146 169 157 158
145 144 146 157 147 169 150
146 147 145 144 150 158 157
147 144 146 145 158 155 157
148 169 149 150 151 155 168
149 148 169 155 156 153 151
150 152 169 148 168 146 145
151 154 160 148 153 162 149
152 168 150 146 154 155 147
153 168 154 156 162 155 151
154 151 153 168 152 150 162
155 168 169 149 153 150 147
156 159 153 149 162 163 151
157 158 145 143 144 146 147
158 157 143 147 146 144 145
159 160 156 163 162 164 166
160 166 159 151 162 165 161
161 166 167 170 162 160 151
162 153 156 161 163 166 170
163 164 159 170 162 156 165
164 163 165 171 172 170 159
165 164 166 175 170 174 167
166 161 160 170 165 167 162
167 170 175 161 166 173 165
168 152 155 153 150 154 169
169 148 149 150 155 144 145
170 167 166 161 163 165 162
171 172 173 164 175 174 170
172 171 174 175 173 164 177
173 175 171 174 176 167 172
174 175 172 173 176 171 179
175 173 174 167 171 176 172
176 179 178 173 174 175 177
177 178 179 181 176 180 172
178 177 179 176 180 181 174
179 178 176 177 180 174 181
180 181 178 182 179 177 176
181 180 178 177 182 179 176
182 180 181 178 177 179 176
183 188 187 189 184 190 191
184 189 187 191 190 188 183
185 192 193 191 190 186 184
186 193 185 192 191 190 184
187 188 183 189 184 190 191
188 187 183 189 184 190 191
189 184 188 187 190 191 183
190 191 184 189 192 185 188
191 190 184 192 189 185 187
192 185 193 191 190 186 184
193 186 192 185 191 190 184
194 201 202 199 203 205 204
195 198 215 213 209 197 212
196 198 213 211 197 214 215
197 211 198 210 209 212 196
198 213 196 197 215 195 211
199 203 202 201 204 205 200
200 208 204 206 205 209 207
201 202 199 203 194 204 205
202 201 199 203 194 205 204
203 199 202 201 205 204 207
204 205 200 207 199 203 206
205 204 206 200 203 207 199
206 207 208 200 210 205 212
207 206 208 210 204 205 200
208 207 206 209 200 210 212
209 212 197 208 210 211 198
210 197 211 212 209 208 207
211 197 196 212 210 198 209
212 209 197 211 210 208 198
213 215 198 196 214 195 211
214 213 215 196 198 195 211
215 213 198 214 195 196 197
216 217 218 219 221 220 222
217 218 216 219 221 220 222
218 217 219 216 221 220 222
219 218 221 220 222 217 225
220 222 221 225 224 219 223
221 220 222 225 219 227 224
222 225 220 221 223 228 224
223 228 224 222 226 227 225
224 226 223 228 225 227 222
225 222 226 224 227 220 221
226 224 227 228 225 223 232
227 228 226 225 234 223 224
228 223 227 226 224 234 225
229 234 230 233 235 228 236
230 229 234 231 236 228 232
231 232 230 234 233 237 236
232 231 233 234 230 226 237
233 232 234 229 231 244 235
234 229 233 230 232 228 231
235 244 236 243 239 229 237
236 235 237 244 239 230 245
237 239 236 244 238 245 235
238 241 245 242 239 240 237
239 244 237 241 238 245 235
240 247 242 246 248 238 241
241 242 238 239 243 244 245
242 240 241 247 243 245 246
243 245 242 244 241 235 238
244 239 235 237 243 241 236
245 243 238 242 241 244 247
246 247 248 240 242 249 243
247 240 246 242 248 249 245
248 249 246 240 247 242 241
249 248 246 247 240 242 241
250 251 252 253 254 255 257
251 252 250 253 254 255 257
252 251 253 250 254 255 257
253 252 254 251 250 255 257
254 253 255 257 256 260 258
255 257 256 260 258 254 259
256 257 260 255 258 261 262
257 256 255 258 260 262 254
258 260 257 262 256 259 255
259 263 261 260 265 258 264
260 256 258 261 255 259 257
261 262 267 260 259 265 256
262 261 263 267 258 259 260
263 262 267 264 259 265 261
264 265 263 259 267 270 266
265 264 259 266 267 261 263
266 267 265 268 270 264 271
267 261 266 263 262 265 268
268 269 267 266 272 264 270
269 270 272 268 271 264 266
270 269 271 266 264 272 265
271 272 270 274 275 269 266
272 271 269 273 275 274 268
273 274 275 272 271 276 269
274 275 273 271 272 276 270
275 274 273 271 276 272 270
276 277 275 274 273 278 279
277 278 276 279 280 275 273
278 279 277 280 276 275 273
279 278 280 277 276 275 273
280 279 278 277 276 275 273
281 284 300 285 295 292 283
282 298 288 287 286 299 301
283 292 295 296 286 299 298
284 281 295 300 285 292 283
285 300 292 284 299 295 283
286 299 287 283 282 292 298
287 286 299 282 301 298 288
288 282 298 296 297 304 305
289 303 307 309 305 290 302
290 303 293 301 289 282 305
291 294 311 308 309 289 307
292 283 295 300 299 285 297
293 301 290 309 303 289 294
294 291 309 308 311 307 310
295 292 283 284 300 285 296
296 297 298 283 288 292 295
297 296 298 292 288 283 282
298 297 282 288 296 299 283
299 286 292 287 298 283 282
300 285 292 295 284 299 283
301 293 290 303 282 287 309
302 305 304 303 289 306 307
303 305 289 290 302 301 309
304 302 305 288 297 298 303
305 302 303 304 289 288 290
306 307 289 302 305 303 309
307 306 289 309 302 303 308
308 311 310 291 294 312 307
309 294 289 307 291 293 303
310 312 308 311 315 313 314
311 308 291 310 294 312 307
312 310 314 313 311 308 315
313 314 315 316 312 310 311
314 313 315 316 312 310 311
315 313 314 316 310 312 311
316 315 313 314 312 310 311
317 319 318 320 322 321 323
318 322 320 319 323 321 317
319 318 320 317 322 321 323
320 322 318 323 321 319 327
321 323 327 322 320 326 324
322 320 318 321 323 319 327
323 321 327 322 320 324 325
324 326 327 325 321 323 329
325 327 324 328 326 331 323
326 324 327 321 329 325 323
327 321 323 326 325 324 322
328 331 329 325 332 330 326
329 330 331 328 326 324 325
330 329 331 335 324 328 326
331 330 328 329 332 325 335
332 333 331 337 328 336 334
333 334 336 337 332 335 338
334 336 335 333 339 337 340
335 334 336 330 333 331 329
336 334 337 333 339 335 338
337 336 333 338 332 342 334
338 342 339 337 341 336 340
339 340 338 336 341 342 334
340 339 341 336 338 342 334
341 342 340 343 344 339 338
342 338 341 339 340 343 337
343 344 345 341 342 338 340
344 345 343 341 346 342 340
345 344 343 346 341 342 340
346 345 347 344 343 341 348
347 346 348 345 344 343 341
348 347 346 345 344 343 341
349 356 350 351 355 353 352
350 351 356 355 349 353 352
351 350 355 356 353 352 349
352 353 355 354 351 350 356
353 352 355 354 351 350 356
354 352 353 355 351 350 356
355 351 353 352 350 356 354
356 350 349 351 355 353 352
357 363 358 366 362 367 360
358 363 360 359 362 357 366
359 360 358 361 363 362 357
360 359 358 362 363 361 357
361 359 360 358 363 362 357
362 358 360 363 366 357 359
363 358 366 357 362 360 359
364 367 368 365 366 369 357
365 367 366 368 364 362 363
366 367 365 363 364 357 362
367 366 365 364 368 363 357
368 364 369 365 367 366 363
369 368 364 367 365 366 363
370 373 371 372 378 374 379
371 372 373 370 378 379 374
372 371 373 370 378 379 374
373 371 372 370 374 378 379
374 379 378 373 372 371 375
375 380 381 379 374 376 378
376 381 382 375 380 377 379
377 382 376 381 380 375 379
378 379 374 372 371 373 380
379 378 374 372 371 375 380
380 375 381 379 376 378 374
381 376 380 375 382 377 379
382 377 376 381 380 375 379
383 384 386 385 387 388 398
384 386 383 385 387 388 398
385 387 388 386 384 398 391
386 384 385 387 383 388 398
387 385 388 386 398 384 391
388 398 387 385 391 389 386
389 398 390 391 397 388 396
390 397 396 389 395 391 392
391 398 388 389 396 390 387
392 393 395 397 396 394 390
393 392 395 394 397 390 396
394 393 392 395 397 396 390
395 392 393 397 390 396 394
396 397 390 391 395 392 389
397 390 396 395 389 392 391
398 391 388 389 387 385 390
399 408 409 401 400 407 403
400 401 409 407 403 408 406
401 400 409 407 403 408 402
402 410 403 407 406 404 401
403 406 407 402 410 400 401
404 405 410 402 406 403 407
405 404 410 406 402 403 407
406 403 410 407 402 400 404
407 403 400 401 402 406 410
408 409 399 400 401 407 403
409 408 400 401 399 407 403
410 406 404 402 403 405 407
